0,0,-4.7806
0.00045982,-0.013596,-4.7806
0.0013359,-0.027169,-4.7805
0.0025885,-0.040724,-4.7803
0.0039676,-0.054215,-4.78
0.0052515,-0.067618,-4.7797
0.006173,-0.081005,-4.7793
0.0064945,-0.094594,-4.7788
0.006128,-0.10866,-4.778
0.0052012,-0.12323,-4.7769
0.0041573,-0.13783,-4.7754
0.0034499,-0.15177,-4.7736
0.0031409,-0.16479,-4.7713
0.0030508,-0.17728,-4.7686
0.0030745,-0.1895,-4.7653
0.0032425,-0.20139,-4.7614
0.0035518,-0.21301,-4.7569
0.0039246,-0.22444,-4.7519
0.0042831,-0.23573,-4.7465
0.004636,-0.24698,-4.7405
0.0050912,-0.25823,-4.7341
0.0056415,-0.26935,-4.7272
0.0061387,-0.28027,-4.72
0.0063806,-0.29104,-4.7126
0.0063134,-0.30176,-4.7048
0.0059885,-0.31226,-4.6969
0.0054631,-0.32235,-4.6888
0.0048876,-0.33213,-4.6805
0.0042083,-0.34173,-4.672
0.0032348,-0.35108,-4.6634
0.0019566,-0.36022,-4.6545
0.00042932,-0.36934,-4.6454
-0.001385,-0.37847,-4.6362
-0.0034615,-0.38746,-4.6268
-0.0057858,-0.39634,-4.6173
-0.0083767,-0.40527,-4.6074
-0.011009,-0.41426,-4.5971
-0.013652,-0.42315,-4.5865
-0.016594,-0.43187,-4.5755
-0.019809,-0.4404,-4.5643
-0.023032,-0.44873,-4.5529
-0.026285,-0.45688,-4.5413
-0.029711,-0.465,-4.5295
-0.033138,-0.4732,-4.5175
-0.036435,-0.48146,-4.5055
-0.039761,-0.48972,-4.4936
-0.043246,-0.49786,-4.4816
-0.046939,-0.50573,-4.4696
-0.050803,-0.51341,-4.4576
-0.054759,-0.52105,-4.4455
-0.058723,-0.52856,-4.4333
-0.062635,-0.53593,-4.4212
-0.066528,-0.54314,-4.4092
-0.070458,-0.55026,-4.3973
-0.074517,-0.55759,-4.3857
-0.078801,-0.56535,-4.3743
-0.083236,-0.57353,-4.3632
-0.087865,-0.58196,-4.3521
-0.092876,-0.5904,-4.3413
-0.0981,-0.59885,-4.3306
-0.10337,-0.60737,-4.32
-0.10874,-0.61589,-4.3095
-0.11428,-0.62428,-4.2992
-0.12001,-0.63249,-4.2889
-0.12594,-0.64065,-4.2788
-0.13206,-0.64892,-4.2688
-0.13831,-0.65746,-4.259
-0.14468,-0.66613,-4.2493
-0.15117,-0.67479,-4.24
-0.15762,-0.68353,-4.231
-0.16401,-0.69243,-4.2224
-0.17067,-0.70155,-4.2143
-0.17777,-0.71093,-4.2068
-0.18527,-0.72053,-4.1998
-0.19306,-0.73041,-4.1934
-0.20089,-0.7405,-4.1874
-0.20855,-0.75069,-4.1818
-0.21608,-0.76076,-4.1766
-0.22358,-0.77064,-4.1717
-0.23104,-0.7805,-4.1671
-0.23848,-0.79044,-4.1627
-0.24601,-0.80038,-4.1583
-0.25362,-0.81027,-4.154
-0.2613,-0.82013,-4.1495
-0.26898,-0.83005,-4.1448
-0.27663,-0.84002,-4.1398
-0.28434,-0.8501,-4.1344
-0.29221,-0.86023,-4.1286
-0.30017,-0.87026,-4.1224
-0.30805,-0.88019,-4.1157
-0.31593,-0.89007,-4.1085
-0.32408,-0.89982,-4.1007
-0.33245,-0.90932,-4.0925
-0.34085,-0.91864,-4.0838
-0.34926,-0.92788,-4.0746
-0.35772,-0.93704,-4.0647
-0.36629,-0.94613,-4.0543
-0.37497,-0.95499,-4.0435
-0.38386,-0.96366,-4.0322
-0.39307,-0.97243,-4.0203
-0.40246,-0.98128,-4.0078
-0.41202,-0.99,-3.9949
-0.42181,-0.99845,-3.9816
-0.43189,-1.0067,-3.9679
-0.44244,-1.0147,-3.9538
-0.45342,-1.0227,-3.9394
-0.46473,-1.0304,-3.9245
-0.47627,-1.0376,-3.9094
-0.48788,-1.0445,-3.8942
-0.49944,-1.0514,-3.8787
-0.51097,-1.058,-3.863
-0.52241,-1.0643,-3.8471
-0.53379,-1.0703,-3.8311
-0.5453,-1.0763,-3.8152
-0.55698,-1.0821,-3.7993
-0.56874,-1.0879,-3.7835
-0.58035,-1.0939,-3.7675
-0.59186,-1.0999,-3.7514
-0.60355,-1.1056,-3.7355
-0.61544,-1.111,-3.7197
-0.62759,-1.1162,-3.7041
-0.64011,-1.1213,-3.6886
-0.65284,-1.126,-3.6735
-0.66566,-1.1304,-3.6586
-0.67858,-1.1346,-3.644
-0.69147,-1.1386,-3.6297
-0.70416,-1.1426,-3.6156
-0.71678,-1.1465,-3.6018
-0.72953,-1.1504,-3.5881
-0.74249,-1.1542,-3.5748
-0.75588,-1.1581,-3.5618
-0.76967,-1.1621,-3.5489
-0.78362,-1.1661,-3.5363
-0.79777,-1.1701,-3.524
-0.81216,-1.1739,-3.5121
-0.82652,-1.1776,-3.5006
-0.84068,-1.1811,-3.4896
-0.85477,-1.1845,-3.4788
-0.86883,-1.1876,-3.4684
-0.88295,-1.1905,-3.4582
-0.89715,-1.1934,-3.4482
-0.91139,-1.1961,-3.4383
-0.9258,-1.1987,-3.4286
-0.94063,-1.2012,-3.4191
-0.95601,-1.2036,-3.4096
-0.9717,-1.2056,-3.4004
-0.98735,-1.2074,-3.3913
-1.0029,-1.2092,-3.3824
-1.0185,-1.2111,-3.3736
-1.0343,-1.213,-3.365
-1.0505,-1.2148,-3.3566
-1.0671,-1.2164,-3.3484
-1.0836,-1.2178,-3.3404
-1.0999,-1.2193,-3.3327
-1.116,-1.2207,-3.3253
-1.1319,-1.222,-3.3182
-1.1475,-1.2235,-3.3115
-1.163,-1.2252,-3.3052
-1.1785,-1.2268,-3.2995
-1.194,-1.2284,-3.2944
-1.2097,-1.2301,-3.2899
-1.2259,-1.2318,-3.286
-1.2427,-1.2334,-3.2826
-1.2597,-1.235,-3.2798
-1.2769,-1.2367,-3.2775
-1.2942,-1.2386,-3.2755
-1.3119,-1.2408,-3.2737
-1.3299,-1.2432,-3.2722
-1.3478,-1.2455,-3.271
-1.3655,-1.2477,-3.2699
-1.3833,-1.2498,-3.2691
-1.4015,-1.2519,-3.2683
-1.4204,-1.2541,-3.2675
-1.44,-1.2563,-3.2668
-1.46,-1.2586,-3.2661
-1.48,-1.2609,-3.2654
-1.4998,-1.2631,-3.2648
-1.5197,-1.2651,-3.2641
-1.5397,-1.2669,-3.2633
-1.56,-1.2686,-3.2622
-1.5806,-1.2702,-3.2607
-1.6011,-1.2718,-3.259
-1.6215,-1.2732,-3.257
-1.642,-1.2742,-3.2548
-1.6629,-1.2749,-3.2523
-1.6838,-1.2754,-3.2496
-1.7045,-1.2757,-3.2466
-1.7252,-1.2759,-3.2433
-1.7456,-1.2761,-3.2398
-1.7658,-1.2763,-3.2361
-1.7854,-1.2764,-3.2323
-1.8046,-1.2766,-3.2282
-1.8237,-1.2767,-3.2242
-1.8426,-1.2768,-3.2201
-1.8613,-1.2769,-3.216
-1.8797,-1.2769,-3.2121
-1.8981,-1.2769,-3.2083
-1.9161,-1.277,-3.2046
-1.934,-1.277,-3.2012
-1.9518,-1.277,-3.1981
-1.9699,-1.277,-3.1952
-1.9883,-1.2774,-3.1926
-2.0069,-1.2781,-3.1902
-2.0254,-1.2788,-3.1882
-2.0437,-1.2795,-3.1864
-2.0618,-1.2802,-3.185
-2.0802,-1.2809,-3.1838
-2.0991,-1.2816,-3.1828
-2.1185,-1.2824,-3.1819
-2.1378,-1.2832,-3.1812
-2.1572,-1.284,-3.1808
-2.177,-1.2848,-3.1804
-2.1971,-1.2855,-3.1802
-2.2171,-1.2861,-3.1801
-2.2372,-1.2866,-3.18
-2.2574,-1.287,-3.1801
-2.2778,-1.2875,-3.1802
-2.2988,-1.288,-3.1802
-2.3201,-1.2882,-3.1804
-2.3414,-1.2881,-3.1807
-2.3623,-1.2878,-3.181
-2.3831,-1.2876,-3.1813
-2.4035,-1.2874,-3.1817
-2.4236,-1.2872,-3.1821
-2.4434,-1.2871,-3.1824
-2.4632,-1.287,-3.1827
-2.4834,-1.287,-3.1829
-2.5039,-1.287,-3.1831
-2.5249,-1.287,-3.183
-2.5462,-1.287,-3.1827
-2.5681,-1.2872,-3.1824
-2.5904,-1.2873,-3.182
-2.6129,-1.2873,-3.1817
-2.6354,-1.2874,-3.1814
-2.6576,-1.2875,-3.1812
-2.6799,-1.2879,-3.1808
-2.7027,-1.2884,-3.1803
-2.7259,-1.289,-3.1798
-2.7493,-1.2898,-3.1792
-2.7727,-1.2906,-3.1786
-2.7959,-1.2913,-3.1782
-2.8188,-1.2919,-3.1778
-2.8417,-1.2926,-3.1775
-2.8648,-1.2933,-3.1773
-2.8885,-1.294,-3.1771
-2.9125,-1.2947,-3.1768
-2.9367,-1.2955,-3.1765
-2.9612,-1.2964,-3.1761
-2.986,-1.2973,-3.1758
-3.0112,-1.2982,-3.1755
-3.0369,-1.299,-3.1754
-3.0626,-1.2997,-3.1752
-3.0885,-1.3004,-3.175
-3.1149,-1.301,-3.1748
-3.142,-1.3014,-3.1746
-3.1699,-1.3016,-3.1744
-3.1983,-1.3018,-3.1743
-3.2264,-1.302,-3.1741
-3.254,-1.3023,-3.1739
-3.2815,-1.3027,-3.1737
-3.3092,-1.303,-3.1735
-3.337,-1.3035,-3.1733
-3.3651,-1.304,-3.1731
-3.3936,-1.3045,-3.173
-3.4222,-1.3051,-3.1729
-3.4507,-1.3058,-3.1728
-3.4797,-1.3064,-3.1727
-3.5092,-1.3068,-3.1727
-3.5391,-1.3072,-3.1727
-3.5692,-1.3075,-3.1728
-3.5994,-1.308,-3.1729
-3.6297,-1.3085,-3.1731
-3.6599,-1.3091,-3.1734
-3.6899,-1.3097,-3.1736
-3.72,-1.3103,-3.1739
-3.7505,-1.3109,-3.1741
-3.7808,-1.3117,-3.1742
-3.8107,-1.3126,-3.1742
-3.8402,-1.3135,-3.1741
-3.8695,-1.3146,-3.174
-3.8987,-1.3158,-3.174
-3.928,-1.3168,-3.174
-3.9574,-1.3178,-3.1738
-3.987,-1.3185,-3.1736
-4.0167,-1.319,-3.1732
-4.0464,-1.3195,-3.1727
-4.0763,-1.3197,-3.1721
-4.1067,-1.3199,-3.1714
-4.1378,-1.32,-3.1706
-4.1693,-1.3199,-3.1696
-4.2002,-1.3199,-3.1686
-4.2303,-1.32,-3.1675
-4.2596,-1.3202,-3.1663
-4.2885,-1.3205,-3.1649
-4.3169,-1.3207,-3.1634
-4.3452,-1.3208,-3.162
-4.3733,-1.3207,-3.1605
-4.4013,-1.3207,-3.159
-4.4293,-1.3207,-3.1575
-4.457,-1.3206,-3.1559
-4.4844,-1.3202,-3.1543
-4.5116,-1.3198,-3.1526
-4.5386,-1.3192,-3.1509
-4.5653,-1.3185,-3.1491
-4.5914,-1.318,-3.1474
-4.6167,-1.3175,-3.1457
-4.6415,-1.317,-3.1439
-4.6665,-1.3164,-3.1421
-4.692,-1.3158,-3.1402
-4.7176,-1.3153,-3.1382
-4.7432,-1.3149,-3.1362
-4.769,-1.3143,-3.1341
-4.7947,-1.3135,-3.132
-4.8202,-1.3127,-3.1298
-4.8459,-1.3116,-3.1276
-4.8715,-1.3103,-3.1254
-4.8971,-1.3089,-3.1232
-4.9229,-1.3074,-3.1211
-4.9487,-1.3058,-3.1188
-4.9745,-1.3042,-3.1166
-5.0008,-1.3027,-3.1143
-5.0274,-1.3012,-3.1118
-5.0538,-1.2997,-3.1093
-5.0797,-1.2981,-3.1068
-5.1055,-1.2964,-3.1044
-5.1312,-1.2948,-3.1021
-5.1568,-1.2931,-3.0997
-5.1823,-1.2914,-3.0973
-5.2081,-1.2896,-3.0949
-5.2338,-1.2877,-3.0926
-5.2594,-1.2858,-3.0903
-5.2849,-1.2836,-3.0881
-5.3106,-1.2813,-3.0858
-5.3364,-1.2789,-3.0836
-5.3621,-1.2763,-3.0814
-5.3878,-1.2736,-3.079
-5.4133,-1.2709,-3.0764
-5.4384,-1.2681,-3.0736
-5.4632,-1.2652,-3.0706
-5.4877,-1.2623,-3.0675
-5.512,-1.2594,-3.0642
-5.5364,-1.2564,-3.0606
-5.5609,-1.2533,-3.0567
-5.5854,-1.2502,-3.0526
-5.6097,-1.2471,-3.0484
-5.6337,-1.2439,-3.044
-5.6576,-1.2407,-3.0394
-5.6816,-1.2374,-3.0347
-5.7057,-1.234,-3.0299
-5.7301,-1.2305,-3.0249
-5.7545,-1.2269,-3.0197
-5.7788,-1.2231,-3.0143
-5.8031,-1.2191,-3.0088
-5.8272,-1.215,-3.0031
-5.8512,-1.2108,-2.9974
-5.8752,-1.2066,-2.9917
-5.899,-1.2023,-2.986
-5.9227,-1.1978,-2.9804
-5.9467,-1.1931,-2.9749
-5.9711,-1.188,-2.9696
-5.9955,-1.1827,-2.9645
-6.0199,-1.1771,-2.9596
-6.0442,-1.1716,-2.9547
-6.0682,-1.1661,-2.95
-6.0918,-1.1605,-2.9453
-6.1152,-1.1546,-2.9409
-6.1385,-1.1484,-2.9367
-6.1618,-1.1421,-2.9325
-6.1851,-1.136,-2.9285
-6.2085,-1.1299,-2.9245
-6.232,-1.1237,-2.9205
-6.2554,-1.1174,-2.9165
-6.2788,-1.111,-2.9125
-6.3023,-1.1045,-2.9084
-6.3261,-1.0978,-2.9044
-6.35,-1.0909,-2.9004
-6.3739,-1.0839,-2.8964
-6.3977,-1.0769,-2.8924
-6.4213,-1.0699,-2.8883
-6.4447,-1.0626,-2.8841
-6.4682,-1.0553,-2.88
-6.4918,-1.048,-2.876
-6.5156,-1.0405,-2.8722
-6.5394,-1.0328,-2.8688
-6.5631,-1.0252,-2.8656
-6.5866,-1.0176,-2.8626
-6.6102,-1.0098,-2.86
-6.6336,-1.002,-2.8577
-6.6569,-0.99422,-2.8557
-6.6803,-0.98649,-2.854
-6.704,-0.97885,-2.8525
-6.7281,-0.9712,-2.8512
-6.7524,-0.96334,-2.85
-6.7772,-0.95516,-2.8491
-6.8022,-0.94682,-2.8483
-6.8273,-0.93846,-2.8474
-6.8525,-0.93003,-2.8466
-6.8777,-0.92155,-2.8457
-6.9031,-0.91304,-2.8449
-6.9289,-0.90447,-2.8443
-6.9547,-0.89581,-2.8437
-6.9804,-0.8872,-2.8431
-7.0061,-0.87868,-2.8426
-7.032,-0.87008,-2.842
-7.0583,-0.86133,-2.8415
-7.0849,-0.85249,-2.8411
-7.1117,-0.84354,-2.8406
-7.1389,-0.83438,-2.8402
-7.1666,-0.82508,-2.8399
-7.1945,-0.81582,-2.8396
-7.222,-0.80664,-2.8391
-7.2493,-0.7975,-2.8385
-7.2767,-0.78839,-2.8378
-7.3041,-0.77933,-2.837
-7.331,-0.77036,-2.8361
-7.358,-0.7614,-2.8352
-7.385,-0.75242,-2.8342
-7.4121,-0.74337,-2.8332
-7.4392,-0.73422,-2.8321
-7.4663,-0.725,-2.8311
-7.4935,-0.71572,-2.8301
-7.5205,-0.70638,-2.8292
-7.547,-0.697,-2.8284
-7.5733,-0.68757,-2.8276
-7.5995,-0.67814,-2.8269
-7.6255,-0.66883,-2.8261
-7.6514,-0.65966,-2.8252
-7.6772,-0.65049,-2.8244
-7.7026,-0.64137,-2.8237
-7.728,-0.63233,-2.823
-7.7534,-0.62329,-2.8224
-7.7791,-0.61425,-2.8217
-7.8048,-0.60523,-2.8211
-7.8303,-0.59624,-2.8205
-7.8557,-0.58723,-2.8199
-7.8813,-0.57806,-2.8192
-7.9072,-0.56856,-2.8186
-7.9334,-0.55875,-2.8182
-7.9597,-0.54885,-2.8178
-7.9863,-0.53901,-2.8174
-8.0129,-0.52927,-2.817
-8.0396,-0.51966,-2.8165
-8.0666,-0.51006,-2.8159
-8.0938,-0.50045,-2.8153
-8.1209,-0.49091,-2.8148
-8.148,-0.48139,-2.8142
-8.1748,-0.47184,-2.8136
-8.2018,-0.46217,-2.813
-8.229,-0.45236,-2.8124
-8.2561,-0.44251,-2.8118
-8.2831,-0.43264,-2.8111
-8.3101,-0.42275,-2.8105
-8.337,-0.41287,-2.8098
-8.3639,-0.40295,-2.8092
-8.3912,-0.39293,-2.8086
-8.4186,-0.38292,-2.8079
-8.446,-0.37301,-2.8074
-8.4731,-0.36312,-2.8069
-8.5003,-0.3532,-2.8065
-8.5276,-0.34315,-2.8062
-8.5552,-0.33287,-2.806
-8.583,-0.32244,-2.8059
-8.6108,-0.31203,-2.806
-8.6387,-0.30166,-2.806
-8.667,-0.29127,-2.8061
-8.6956,-0.2808,-2.8063
-8.7247,-0.27008,-2.8066
-8.7543,-0.25908,-2.807
-8.7844,-0.24798,-2.8075
-8.8149,-0.23691,-2.8081
-8.8456,-0.22591,-2.8088
-8.876,-0.21511,-2.8095
-8.906,-0.20453,-2.8101
-8.9355,-0.19411,-2.8105
-8.9646,-0.18389,-2.8109
-8.9932,-0.17379,-2.8114
-9.0219,-0.16359,-2.8121
-9.0506,-0.15337,-2.8131
-9.0791,-0.14333,-2.8143
-9.1073,-0.13336,-2.8159
-9.1353,-0.12337,-2.8178
-9.163,-0.11356,-2.82
-9.1903,-0.10413,-2.8224
-9.2173,-0.09505,-2.8251
-9.2439,-0.086266,-2.8282
-9.2701,-0.077809,-2.8316
-9.2961,-0.069695,-2.8354
-9.3217,-0.061945,-2.8397
-9.3471,-0.054501,-2.8445
-9.3722,-0.047334,-2.8498
-9.397,-0.040524,-2.8554
-9.4218,-0.034085,-2.8614
-9.4464,-0.027953,-2.8677
-9.4706,-0.022066,-2.8744
-9.4947,-0.016485,-2.8813
-9.5186,-0.011244,-2.8883
-9.5426,-0.006193,-2.8955
-9.5664,-0.0012574,-2.9029
-9.59,0.0035427,-2.9103
-9.6134,0.008135,-2.9178
-9.6368,0.012473,-2.9253
-9.6603,0.016601,-2.9327
-9.6838,0.020553,-2.9401
-9.7072,0.024397,-2.9475
-9.7304,0.028149,-2.9549
-9.7535,0.031694,-2.9625
-9.7766,0.03487,-2.9702
-9.7995,0.037665,-2.9783
-9.8222,0.040166,-2.9868
-9.8451,0.042419,-2.9958
-9.868,0.044513,-3.0054
-9.891,0.046466,-3.0158
-9.914,0.048142,-3.027
-9.9371,0.049426,-3.0391
-9.96,0.050298,-3.052
-9.9829,0.050788,-3.0658
-10.006,0.050908,-3.0805
-10.028,0.050566,-3.096
-10.05,0.04971,-3.1123
-10.072,0.048409,-3.1293
-10.093,0.046678,-3.1467
-10.114,0.04451,-3.1645
-10.135,0.042004,-3.1825
-10.156,0.03922,-3.2005
-10.176,0.036176,-3.2181
-10.196,0.032977,-3.2351
-10.217,0.029635,-3.2514
-10.237,0.026055,-3.2668
-10.258,0.022173,-3.2812
-10.278,0.018008,-3.2946
-10.3,0.01362,-3.3071
-10.321,0.0089757,-3.3186
-10.343,0.0040275,-3.3292
-10.365,-0.0011515,-3.3392
-10.387,-0.0064984,-3.3485
-10.41,-0.012036,-3.3571
-10.432,-0.017813,-3.3649
-10.455,-0.023865,-3.3721
-10.478,-0.030125,-3.3786
-10.501,-0.036441,-3.3846
-10.525,-0.042739,-3.3902
-10.548,-0.049033,-3.3954
-10.572,-0.055338,-3.4003
-10.595,-0.061619,-3.4048
-10.619,-0.067828,-3.4089
-10.642,-0.074029,-3.4127
-10.665,-0.080293,-3.4162
-10.689,-0.086571,-3.4194
-10.712,-0.092819,-3.4222
-10.736,-0.099071,-3.4247
-10.759,-0.10534,-3.4269
-10.783,-0.11162,-3.4287
-10.807,-0.11793,-3.4304
-10.831,-0.12427,-3.4318
-10.855,-0.13066,-3.4329
-10.879,-0.13707,-3.4337
-10.903,-0.1435,-3.4342
-10.927,-0.15006,-3.4345
-10.951,-0.15671,-3.4346
-10.975,-0.16335,-3.4345
-10.999,-0.16995,-3.4344
-11.023,-0.17662,-3.4342
-11.047,-0.18346,-3.434
-11.072,-0.19043,-3.4338
-11.097,-0.19747,-3.4335
-11.121,-0.20463,-3.4333
-11.147,-0.21194,-3.4331
-11.172,-0.2193,-3.4331
-11.198,-0.22663,-3.433
-11.224,-0.23404,-3.433
-11.25,-0.24164,-3.433
-11.276,-0.24933,-3.4331
-11.303,-0.25705,-3.4331
-11.329,-0.26484,-3.4334
-11.356,-0.27265,-3.4338
-11.382,-0.28038,-3.4341
-11.409,-0.28803,-3.4343
-11.436,-0.2956,-3.4345
-11.464,-0.30317,-3.4347
-11.491,-0.31075,-3.4349
-11.519,-0.31831,-3.4351
-11.547,-0.3259,-3.4352
-11.574,-0.33363,-3.4351
-11.602,-0.34157,-3.4349
-11.63,-0.34961,-3.4348
-11.658,-0.35765,-3.4349
-11.687,-0.36572,-3.4349
-11.715,-0.3739,-3.4348
-11.743,-0.38225,-3.4347
-11.77,-0.3907,-3.4347
-11.798,-0.39905,-3.4346
-11.825,-0.40723,-3.4346
-11.853,-0.41544,-3.4347
-11.88,-0.42375,-3.4349
-11.908,-0.43202,-3.435
-11.936,-0.44005,-3.4351
-11.963,-0.44776,-3.4349
-11.99,-0.45507,-3.4345
-12.017,-0.462,-3.4338
-12.044,-0.46872,-3.4329
-12.07,-0.47548,-3.432
-12.097,-0.48236,-3.4311
-12.123,-0.48932,-3.4301
-12.149,-0.49634,-3.4289
-12.175,-0.50323,-3.4275
-12.202,-0.51001,-3.426
-12.228,-0.51687,-3.4241
-12.253,-0.5238,-3.4219
-12.279,-0.53063,-3.4194
-12.304,-0.53728,-3.4164
-12.328,-0.54376,-3.4131
-12.353,-0.55008,-3.4095
-12.377,-0.5562,-3.4055
-12.4,-0.56211,-3.4011
-12.423,-0.56777,-3.3963
-12.446,-0.57314,-3.3913
-12.468,-0.5782,-3.3862
-12.49,-0.58305,-3.3811
-12.512,-0.58788,-3.376
-12.534,-0.59278,-3.3711
-12.555,-0.59767,-3.3663
-12.576,-0.60249,-3.3619
-12.598,-0.60729,-3.358
-12.62,-0.6121,-3.3547
-12.642,-0.61683,-3.3518
-12.664,-0.62149,-3.3493
-12.686,-0.62608,-3.3471
-12.709,-0.63042,-3.3452
-12.732,-0.63465,-3.3436
-12.755,-0.63898,-3.3422
-12.778,-0.64322,-3.3412
-12.802,-0.64729,-3.3403
-12.826,-0.65132,-3.3397
-12.85,-0.65531,-3.3393
-12.874,-0.65921,-3.3391
-12.898,-0.66314,-3.3391
-12.922,-0.66713,-3.3392
-12.947,-0.67112,-3.3393
-12.971,-0.67513,-3.3395
-12.996,-0.67923,-3.3397
-13.02,-0.68346,-3.34
-13.045,-0.68772,-3.3403
-13.069,-0.69194,-3.3405
-13.094,-0.69632,-3.3408
-13.118,-0.701,-3.341
-13.143,-0.7057,-3.3415
-13.167,-0.71018,-3.3424
-13.192,-0.71438,-3.3438
-13.217,-0.71812,-3.3458
-13.242,-0.72137,-3.3484
-13.266,-0.72434,-3.3517
-13.29,-0.72711,-3.3559
-13.314,-0.72982,-3.3612
-13.338,-0.73273,-3.3674
-13.362,-0.73608,-3.3746
-13.386,-0.74017,-3.3828
-13.409,-0.74532,-3.392
-13.432,-0.7516,-3.4021
-13.454,-0.75888,-3.413
-13.476,-0.76666,-3.4248
-13.497,-0.77451,-3.4372
-13.517,-0.78262,-3.4502
-13.537,-0.79137,-3.4633
-13.556,-0.80059,-3.4769
-13.575,-0.81004,-3.4911
-13.594,-0.81976,-3.5059
-13.612,-0.82976,-3.521
-13.63,-0.83993,-3.5365
-13.648,-0.85,-3.5525
-13.666,-0.85972,-3.5688
-13.683,-0.86931,-3.5853
-13.7,-0.87913,-3.6018
-13.716,-0.88923,-3.6182
-13.733,-0.89956,-3.6344
-13.749,-0.91021,-3.6503
-13.765,-0.92119,-3.6659
-13.781,-0.93242,-3.6811
-13.796,-0.9438,-3.6957
-13.812,-0.95523,-3.7097
-13.827,-0.96661,-3.7232
-13.842,-0.97781,-3.7361
-13.856,-0.98888,-3.7484
-13.871,-0.99991,-3.7603
-13.885,-1.0109,-3.7716
-13.9,-1.022,-3.7825
-13.914,-1.0332,-3.793
-13.928,-1.0444,-3.803
-13.942,-1.056,-3.8125
-13.956,-1.0679,-3.8215
-13.97,-1.0805,-3.8303
-13.984,-1.0933,-3.839
-13.999,-1.1064,-3.8474
-14.013,-1.1198,-3.8557
-14.028,-1.1334,-3.8639
-14.043,-1.1474,-3.8719
-14.058,-1.1616,-3.8797
-14.073,-1.176,-3.8873
-14.088,-1.1907,-3.895
-14.103,-1.2056,-3.9027
-14.119,-1.2207,-3.9107
-14.134,-1.2361,-3.9187
-14.15,-1.2518,-3.927
-14.165,-1.2678,-3.9355
-14.18,-1.2844,-3.944
-14.195,-1.3012,-3.9525
-14.21,-1.3184,-3.9608
-14.225,-1.3357,-3.9691
-14.239,-1.3533,-3.9775
-14.253,-1.3714,-3.986
-14.267,-1.3897,-3.9946
-14.281,-1.408,-4.0031
-14.295,-1.4263,-4.0117
-14.309,-1.4448,-4.0205
-14.323,-1.4636,-4.0294
-14.336,-1.4824,-4.0384
-14.349,-1.5011,-4.0477
-14.362,-1.5197,-4.0572
-14.374,-1.5384,-4.067
-14.387,-1.5571,-4.0769
-14.399,-1.5761,-4.087
-14.411,-1.5954,-4.0972
-14.423,-1.6148,-4.1075
-14.436,-1.6343,-4.118
-14.448,-1.6539,-4.1285
-14.459,-1.6736,-4.139
-14.471,-1.6936,-4.1497
-14.482,-1.7135,-4.1604
-14.493,-1.7334,-4.1712
-14.504,-1.7535,-4.1821
-14.514,-1.7739,-4.1929
-14.524,-1.7944,-4.2037
-14.533,-1.815,-4.2144
-14.543,-1.8355,-4.2251
-14.552,-1.856,-4.2357
-14.561,-1.8768,-4.2463
-14.57,-1.8977,-4.257
-14.578,-1.9186,-4.2677
-14.586,-1.9395,-4.2783
-14.595,-1.9604,-4.2889
-14.603,-1.9814,-4.2996
-14.611,-2.0026,-4.3101
-14.619,-2.024,-4.3206
-14.626,-2.0456,-4.331
-14.634,-2.0671,-4.3412
-14.641,-2.0885,-4.3512
-14.648,-2.1101,-4.3608
-14.655,-2.1316,-4.3702
-14.662,-2.1528,-4.3791
-14.668,-2.1741,-4.3875
-14.674,-2.1957,-4.3951
-14.68,-2.2175,-4.402
-14.687,-2.2393,-4.4082
-14.693,-2.2612,-4.4135
-14.7,-2.283,-4.4181
-14.706,-2.305,-4.422
-14.713,-2.3272,-4.4252
-14.72,-2.3497,-4.4278
-14.726,-2.3724,-4.4299
-14.733,-2.3952,-4.4314
-14.74,-2.4179,-4.4325
-14.748,-2.4405,-4.4331
-14.755,-2.463,-4.4334
-14.763,-2.4858,-4.4334
-14.771,-2.5087,-4.4332
-14.779,-2.5319,-4.4329
-14.787,-2.5553,-4.4325
-14.795,-2.5789,-4.432
-14.802,-2.6023,-4.4316
-14.81,-2.6256,-4.4311
-14.817,-2.6489,-4.4306
-14.825,-2.6724,-4.4301
-14.832,-2.6962,-4.4296
-14.84,-2.7202,-4.4291
-14.847,-2.7441,-4.4287
-14.854,-2.7679,-4.4284
-14.862,-2.7916,-4.4284
-14.869,-2.8151,-4.4285
-14.876,-2.8385,-4.4287
-14.883,-2.8622,-4.4288
-14.89,-2.8859,-4.4289
-14.897,-2.9095,-4.4291
-14.904,-2.9331,-4.4293
-14.911,-2.9568,-4.4296
-14.919,-2.9808,-4.4298
-14.926,-3.0051,-4.4299
-14.934,-3.0295,-4.4299
-14.942,-3.0537,-4.43
-14.95,-3.0778,-4.4301
-14.957,-3.1019,-4.4301
-14.965,-3.1262,-4.43
-14.972,-3.1505,-4.4299
-14.98,-3.175,-4.4297
-14.988,-3.1994,-4.4295
-14.995,-3.2237,-4.4291
-15.003,-3.2481,-4.4285
-15.011,-3.2728,-4.4276
-15.019,-3.2975,-4.4263
-15.028,-3.3223,-4.4247
-15.036,-3.3467,-4.4228
-15.045,-3.3706,-4.4206
-15.054,-3.3939,-4.4182
-15.062,-3.4168,-4.4154
-15.071,-3.4394,-4.4121
-15.079,-3.4619,-4.4084
-15.087,-3.4844,-4.4043
-15.095,-3.5064,-4.3997
-15.102,-3.5282,-4.3949
-15.109,-3.5499,-4.3897
-15.117,-3.5713,-4.3843
-15.124,-3.5924,-4.3787
-15.131,-3.6133,-4.3729
-15.138,-3.634,-4.3669
-15.145,-3.6544,-4.3608
-15.153,-3.6744,-4.3544
-15.161,-3.6941,-4.3479
-15.169,-3.7136,-4.341
-15.178,-3.733,-4.3338
-15.187,-3.7522,-4.3263
-15.196,-3.7713,-4.3186
-15.206,-3.7904,-4.3103
-15.216,-3.8095,-4.3016
-15.227,-3.8288,-4.2925
-15.238,-3.848,-4.2829
-15.249,-3.8671,-4.2729
-15.26,-3.8859,-4.2623
-15.271,-3.9044,-4.2513
-15.282,-3.9226,-4.2396
-15.294,-3.9406,-4.2274
-15.305,-3.9584,-4.2144
-15.317,-3.9759,-4.2009
-15.329,-3.993,-4.1866
-15.341,-4.0099,-4.1717
-15.353,-4.0265,-4.1563
-15.366,-4.0428,-4.1402
-15.378,-4.0587,-4.1236
-15.391,-4.0743,-4.1063
-15.403,-4.0895,-4.0884
-15.417,-4.1045,-4.0701
-15.43,-4.1191,-4.0512
-15.444,-4.1332,-4.0319
-15.458,-4.1468,-4.0121
-15.473,-4.1599,-3.992
-15.487,-4.1727,-3.9715
-15.502,-4.1851,-3.9508
-15.517,-4.1973,-3.9298
-15.532,-4.2094,-3.9088
-15.547,-4.2213,-3.8878
-15.562,-4.233,-3.8672
-15.578,-4.2444,-3.8471
-15.594,-4.2554,-3.8277
-15.61,-4.266,-3.809
-15.626,-4.2764,-3.7911
-15.643,-4.2868,-3.7742
-15.66,-4.2972,-3.7583
-15.677,-4.3076,-3.7433
-15.695,-4.3178,-3.7294
-15.713,-4.3278,-3.7165
-15.732,-4.3378,-3.7045
-15.75,-4.3477,-3.6935
-15.77,-4.3575,-3.6832
-15.789,-4.3672,-3.6735
-15.809,-4.3768,-3.6646
-15.829,-4.3863,-3.6563
-15.85,-4.3959,-3.6487
-15.87,-4.4055,-3.6419
-15.891,-4.4152,-3.6357
-15.911,-4.4251,-3.6303
-15.932,-4.4353,-3.6256
-15.953,-4.4455,-3.6216
-15.974,-4.4558,-3.6183
-15.996,-4.4662,-3.6156
-16.019,-4.4769,-3.6134
-16.042,-4.4879,-3.6117
-16.064,-4.4991,-3.6104
-16.087,-4.5104,-3.6095
-16.11,-4.5217,-3.6089
-16.134,-4.5334,-3.6084
-16.158,-4.5455,-3.6081
-16.183,-4.5578,-3.6079
-16.208,-4.5701,-3.6077
-16.233,-4.5824,-3.6074
-16.258,-4.5946,-3.6072
-16.283,-4.6068,-3.6068
-16.309,-4.6193,-3.6065
-16.334,-4.6318,-3.606
-16.359,-4.6442,-3.6054
-16.385,-4.6566,-3.6047
-16.411,-4.6692,-3.6038
-16.436,-4.6816,-3.6029
-16.463,-4.694,-3.6019
-16.489,-4.7063,-3.6009
-16.515,-4.7186,-3.5998
-16.541,-4.7307,-3.5988
-16.567,-4.7427,-3.5977
-16.594,-4.7546,-3.5966
-16.62,-4.7663,-3.5954
-16.646,-4.7778,-3.5943
-16.672,-4.7893,-3.5931
-16.698,-4.8009,-3.5919
-16.724,-4.8124,-3.5905
-16.75,-4.8238,-3.5892
-16.775,-4.8351,-3.5877
-16.8,-4.8464,-3.5863
-16.824,-4.8575,-3.5848
-16.849,-4.8683,-3.5833
-16.873,-4.879,-3.582
-16.897,-4.8895,-3.5806
-16.921,-4.9001,-3.5791
-16.944,-4.9106,-3.5776
-16.968,-4.921,-3.5761
-16.992,-4.9313,-3.5746
-17.015,-4.9414,-3.5729
-17.039,-4.9515,-3.5711
-17.063,-4.9617,-3.5693
-17.087,-4.9717,-3.5675
-17.111,-4.9818,-3.5658
-17.134,-4.9917,-3.5641
-17.158,-5.0016,-3.5624
-17.182,-5.0117,-3.5607
-17.206,-5.0218,-3.559
-17.23,-5.0319,-3.5572
-17.254,-5.0417,-3.5555
-17.278,-5.0515,-3.5537
-17.302,-5.0613,-3.5519
-17.326,-5.0713,-3.55
-17.35,-5.0813,-3.548
-17.374,-5.0911,-3.5461
-17.399,-5.1008,-3.5443
-17.423,-5.1103,-3.5426
-17.447,-5.1196,-3.5408
-17.471,-5.1288,-3.5389
-17.494,-5.1378,-3.5369
-17.518,-5.1468,-3.5348
-17.542,-5.1555,-3.5326
-17.565,-5.1638,-3.5304
-17.588,-5.1721,-3.5279
-17.612,-5.1803,-3.5251
-17.635,-5.1884,-3.522
-17.659,-5.1965,-3.5186
-17.683,-5.2046,-3.515
-17.707,-5.2125,-3.5112
-17.73,-5.2203,-3.5072
-17.753,-5.2281,-3.503
-17.775,-5.2356,-3.4987
-17.797,-5.2431,-3.4941
-17.819,-5.2505,-3.4893
-17.841,-5.2579,-3.4843
-17.863,-5.2651,-3.4792
-17.885,-5.272,-3.474
-17.907,-5.2787,-3.4686
-17.929,-5.2853,-3.4629
-17.951,-5.2919,-3.457
-17.974,-5.2985,-3.4509
-17.997,-5.3048,-3.4445
-18.02,-5.3111,-3.4379
-18.043,-5.3174,-3.431
-18.067,-5.3236,-3.4238
-18.09,-5.3293,-3.4164
-18.113,-5.3346,-3.4088
-18.135,-5.3396,-3.401
-18.158,-5.3442,-3.393
-18.181,-5.3484,-3.3847
-18.203,-5.3522,-3.3762
-18.225,-5.3555,-3.3675
-18.247,-5.3585,-3.3586
-18.268,-5.3611,-3.3495
-18.289,-5.3635,-3.3402
-18.31,-5.3657,-3.3308
-18.332,-5.3677,-3.3213
-18.353,-5.3694,-3.312
-18.374,-5.3709,-3.3029
-18.395,-5.3722,-3.2941
-18.417,-5.3734,-3.2857
-18.438,-5.3746,-3.2777
-18.461,-5.3757,-3.2703
-18.483,-5.3768,-3.2635
-18.506,-5.3779,-3.2574
-18.53,-5.379,-3.2519
-18.553,-5.3803,-3.247
-18.577,-5.3817,-3.2427
-18.601,-5.3831,-3.2388
-18.625,-5.3847,-3.2355
-18.65,-5.3862,-3.2324
-18.675,-5.3879,-3.2296
-18.7,-5.3898,-3.2269
-18.725,-5.3916,-3.2243
-18.751,-5.3932,-3.2217
-18.776,-5.3945,-3.2191
-18.802,-5.3956,-3.2164
-18.827,-5.3965,-3.2134
-18.852,-5.3974,-3.21
-18.876,-5.398,-3.2061
-18.9,-5.3984,-3.2017
-18.923,-5.3985,-3.1965
-18.947,-5.3984,-3.1904
-18.971,-5.398,-3.1833
-18.994,-5.3975,-3.1753
-19.017,-5.3969,-3.1663
-19.04,-5.396,-3.1562
-19.062,-5.3949,-3.1451
-19.084,-5.3933,-3.1329
-19.105,-5.3913,-3.1195
-19.127,-5.3889,-3.1053
-19.148,-5.3861,-3.09
-19.169,-5.3831,-3.0738
-19.189,-5.3798,-3.0565
-19.21,-5.3763,-3.038
-19.231,-5.3722,-3.0182
-19.251,-5.3677,-2.9971
-19.271,-5.3627,-2.9745
-19.29,-5.3573,-2.9504
-19.309,-5.3517,-2.9249
-19.328,-5.3459,-2.8982
-19.346,-5.3398,-2.8704
-19.364,-5.3333,-2.8415
-19.381,-5.3265,-2.8116
-19.397,-5.3197,-2.7811
-19.412,-5.3129,-2.7498
-19.425,-5.3061,-2.718
-19.437,-5.2992,-2.6856
-19.448,-5.2921,-2.6527
-19.458,-5.2849,-2.6193
-19.468,-5.2775,-2.5855
-19.476,-5.27,-2.5511
-19.485,-5.2625,-2.5162
-19.493,-5.2546,-2.4807
-19.5,-5.2465,-2.4448
-19.506,-5.2382,-2.4085
-19.512,-5.2296,-2.3717
-19.518,-5.2211,-2.3346
-19.523,-5.2129,-2.2969
-19.528,-5.2048,-2.259
-19.531,-5.1967,-2.221
-19.534,-5.1884,-2.183
-19.537,-5.1799,-2.1451
-19.539,-5.1713,-2.1072
-19.541,-5.1627,-2.0693
-19.542,-5.1542,-2.0316
-19.543,-5.1458,-1.9939
-19.543,-5.1374,-1.9563
-19.543,-5.1291,-1.9186
-19.543,-5.1208,-1.8809
-19.543,-5.1124,-1.843
-19.542,-5.1038,-1.8051
-19.541,-5.095,-1.7671
-19.54,-5.0862,-1.7289
-19.538,-5.0775,-1.6907
-19.536,-5.0686,-1.6524
-19.533,-5.0599,-1.6141
-19.529,-5.0512,-1.5756
-19.526,-5.0424,-1.5371
-19.521,-5.0335,-1.4986
-19.516,-5.0245,-1.46
-19.51,-5.0155,-1.4214
-19.504,-5.0064,-1.383
-19.497,-4.9973,-1.3448
-19.49,-4.9882,-1.3068
-19.483,-4.9793,-1.2691
-19.476,-4.9707,-1.2316
-19.468,-4.9626,-1.1944
-19.46,-4.9547,-1.1573
-19.451,-4.9471,-1.1201
-19.442,-4.9394,-1.083
-19.433,-4.9316,-1.046
-19.422,-4.9238,-1.0092
-19.411,-4.9164,-0.97241
-19.399,-4.9091,-0.93576
-19.387,-4.9019,-0.89933
-19.375,-4.8947,-0.86311
-19.363,-4.8875,-0.82703
-19.351,-4.8806,-0.79104
-19.34,-4.8741,-0.75499
-19.327,-4.8678,-0.71881
-19.315,-4.8619,-0.68267
-19.302,-4.8564,-0.64678
-19.288,-4.8514,-0.61124
-19.274,-4.847,-0.57598
-19.259,-4.8432,-0.54104
-19.245,-4.84,-0.50663
-19.231,-4.8371,-0.47294
-19.217,-4.8343,-0.44
-19.203,-4.8318,-0.40781
-19.188,-4.8295,-0.37639
-19.174,-4.8274,-0.3458
-19.159,-4.8256,-0.31613
-19.144,-4.8242,-0.28751
-19.129,-4.8232,-0.25993
-19.113,-4.8225,-0.23338
-19.097,-4.8221,-0.20801
-19.08,-4.8219,-0.18397
-19.064,-4.822,-0.1612
-19.047,-4.8225,-0.13969
-19.03,-4.8232,-0.11946
-19.012,-4.8243,-0.10059
-18.993,-4.8257,-0.083132
-18.974,-4.8273,-0.067059
-18.954,-4.8292,-0.052313
-18.934,-4.8312,-0.038855
-18.913,-4.8334,-0.02665
-18.893,-4.8356,-0.015591
-18.872,-4.8378,-0.005515
-18.851,-4.84,0.0037394
-18.831,-4.842,0.012258
-18.809,-4.8441,0.020031
-18.787,-4.8461,0.027072
-18.765,-4.8483,0.033482
-18.742,-4.8507,0.039365
-18.719,-4.8531,0.044827
-18.697,-4.8555,0.049965
-18.674,-4.8577,0.054803
-18.651,-4.8599,0.059344
-18.628,-4.8621,0.063648
-18.606,-4.8643,0.067749
-18.582,-4.8667,0.071582
-18.559,-4.8693,0.075126
-18.535,-4.872,0.078476
-18.512,-4.8748,0.081685
-18.488,-4.8775,0.084705
-18.463,-4.8803,0.087546
-18.439,-4.8832,0.090191
-18.414,-4.8862,0.092523
-18.389,-4.8894,0.094508
-18.364,-4.8928,0.096153
-18.339,-4.8962,0.097487
-18.314,-4.8997,0.098559
-18.289,-4.9032,0.099403
-18.264,-4.9067,0.10006
-18.238,-4.9103,0.10057
-18.213,-4.9138,0.10095
-18.187,-4.9175,0.10116
-18.161,-4.9213,0.10117
-18.136,-4.925,0.10111
-18.11,-4.9285,0.10111
-18.085,-4.9319,0.10111
-18.059,-4.9352,0.101
-18.032,-4.9385,0.10077
-18.006,-4.9417,0.10047
-17.98,-4.9448,0.10026
-17.953,-4.9479,0.10022
-17.927,-4.9509,0.1003
-17.9,-4.9536,0.10046
-17.874,-4.9562,0.10066
-17.847,-4.9587,0.10077
-17.82,-4.9613,0.10071
-17.792,-4.9637,0.10056
-17.765,-4.9663,0.10047
-17.738,-4.9691,0.10048
-17.71,-4.972,0.10057
-17.683,-4.9749,0.10065
-17.656,-4.978,0.10062
-17.63,-4.9814,0.10054
-17.603,-4.9848,0.1004
-17.577,-4.988,0.10013
-17.551,-4.9912,0.099852
-17.525,-4.9945,0.099627
-17.499,-4.9977,0.09935
-17.474,-5.001,0.098981
-17.449,-5.0043,0.098528
-17.424,-5.0077,0.098018
-17.4,-5.0108,0.097461
-17.375,-5.0139,0.096725
-17.35,-5.017,0.095706
-17.325,-5.0199,0.094453
-17.3,-5.0226,0.092951
-17.275,-5.0251,0.091135
-17.25,-5.0277,0.089033
-17.225,-5.0301,0.086719
-17.201,-5.0323,0.084186
-17.177,-5.0341,0.08135
-17.153,-5.0358,0.078227
-17.129,-5.0372,0.074895
-17.106,-5.0383,0.071343
-17.083,-5.0394,0.067476
-17.061,-5.0404,0.063265
-17.038,-5.0412,0.058771
-17.015,-5.0418,0.053985
-16.992,-5.0423,0.048874
-16.969,-5.0427,0.043515
-16.946,-5.0428,0.038012
-16.923,-5.043,0.032386
-16.901,-5.043,0.026585
-16.878,-5.0431,0.020577
-16.856,-5.0431,0.014452
-16.835,-5.0432,0.0083099
-16.813,-5.0431,0.0021845
-16.792,-5.0426,-0.0039713
-16.771,-5.0418,-0.010262
-16.75,-5.0409,-0.016702
-16.728,-5.04,-0.02321
-16.707,-5.039,-0.029691
-16.685,-5.0379,-0.036112
-16.663,-5.0366,-0.042485
-16.642,-5.0351,-0.048842
-16.62,-5.0333,-0.05526
-16.598,-5.0309,-0.061818
-16.576,-5.0283,-0.068485
-16.554,-5.0255,-0.075083
-16.531,-5.0226,-0.081528
-16.509,-5.0195,-0.087898
-16.487,-5.0164,-0.094281
-16.465,-5.0134,-0.10076
-16.443,-5.0103,-0.10743
-16.421,-5.0071,-0.11431
-16.399,-5.0036,-0.12137
-16.377,-4.9997,-0.12873
-16.355,-4.9954,-0.1365
-16.333,-4.9907,-0.14472
-16.311,-4.9859,-0.1534
-16.29,-4.9808,-0.16261
-16.268,-4.9754,-0.17246
-16.246,-4.9695,-0.18311
-16.224,-4.9633,-0.1946
-16.202,-4.9569,-0.20688
-16.18,-4.9502,-0.21991
-16.159,-4.9431,-0.23365
-16.137,-4.9359,-0.24798
-16.116,-4.9285,-0.26262
-16.095,-4.921,-0.27747
-16.075,-4.9134,-0.29253
-16.055,-4.9058,-0.30775
-16.035,-4.8979,-0.323
-16.015,-4.8898,-0.33815
-15.996,-4.8814,-0.35315
-15.977,-4.8728,-0.368
-15.958,-4.8642,-0.38275
-15.94,-4.8556,-0.39745
-15.922,-4.8466,-0.41212
-15.905,-4.8373,-0.4268
-15.887,-4.8276,-0.44152
-15.871,-4.8175,-0.45621
-15.854,-4.8072,-0.47083
-15.838,-4.7969,-0.48541
-15.822,-4.7863,-0.5
-15.807,-4.7755,-0.51454
-15.791,-4.7648,-0.52899
-15.776,-4.754,-0.54337
-15.761,-4.7429,-0.55772
-15.746,-4.7313,-0.57212
-15.732,-4.7192,-0.58654
-15.717,-4.7071,-0.60092
-15.702,-4.6949,-0.61524
-15.687,-4.6823,-0.62954
-15.673,-4.6693,-0.64387
-15.658,-4.6558,-0.65831
-15.644,-4.6418,-0.67285
-15.629,-4.6273,-0.68742
-15.614,-4.6125,-0.7019
-15.6,-4.5975,-0.7162
-15.586,-4.5823,-0.7302
-15.572,-4.5667,-0.7439
-15.558,-4.5508,-0.7573
-15.544,-4.5347,-0.77039
-15.53,-4.5185,-0.78319
-15.516,-4.5022,-0.79575
-15.502,-4.4856,-0.8081
-15.488,-4.469,-0.82018
-15.474,-4.4521,-0.83202
-15.46,-4.4347,-0.84369
-15.447,-4.4171,-0.85516
-15.433,-4.3991,-0.86658
-15.419,-4.3804,-0.87812
-15.406,-4.3612,-0.88975
-15.393,-4.3419,-0.90142
-15.38,-4.3228,-0.91307
-15.367,-4.304,-0.92479
-15.355,-4.2851,-0.93684
-15.343,-4.2659,-0.94928
-15.331,-4.2467,-0.96196
-15.32,-4.2275,-0.97471
-15.309,-4.2086,-0.98749
-15.298,-4.1897,-1.0003
-15.288,-4.1709,-1.0132
-15.279,-4.152,-1.0262
-15.269,-4.1333,-1.039
-15.26,-4.1145,-1.0518
-15.25,-4.0955,-1.0645
-15.241,-4.0762,-1.077
-15.232,-4.0565,-1.0894
-15.223,-4.0364,-1.1017
-15.214,-4.0158,-1.1139
-15.205,-3.9952,-1.1256
-15.197,-3.9745,-1.137
-15.188,-3.9534,-1.148
-15.179,-3.9323,-1.1584
-15.171,-3.9115,-1.1683
-15.163,-3.8909,-1.1776
-15.155,-3.87,-1.1863
-15.147,-3.8487,-1.1947
-15.14,-3.8269,-1.2026
-15.132,-3.8046,-1.2101
-15.124,-3.7821,-1.2172
-15.117,-3.7595,-1.224
-15.109,-3.737,-1.2303
-15.102,-3.7146,-1.2363
-15.095,-3.6921,-1.2419
-15.088,-3.6692,-1.2474
-15.08,-3.6462,-1.2527
-15.074,-3.6233,-1.2578
-15.067,-3.6005,-1.2627
-15.06,-3.5781,-1.2673
-15.053,-3.5556,-1.2717
-15.046,-3.5328,-1.2761
-15.039,-3.5101,-1.2804
-15.032,-3.4873,-1.2846
-15.025,-3.4645,-1.2886
-15.019,-3.4415,-1.2925
-15.012,-3.418,-1.2964
-15.005,-3.3941,-1.3001
-14.998,-3.3701,-1.3037
-14.991,-3.3462,-1.3072
-14.984,-3.3221,-1.3107
-14.977,-3.2976,-1.3141
-14.97,-3.2725,-1.3174
-14.963,-3.2471,-1.3206
-14.957,-3.2218,-1.3238
-14.95,-3.1964,-1.3268
-14.944,-3.171,-1.3298
-14.937,-3.1456,-1.3327
-14.931,-3.1201,-1.3357
-14.924,-3.0944,-1.3385
-14.918,-3.0688,-1.3412
-14.912,-3.0432,-1.3436
-14.907,-3.0178,-1.3459
-14.901,-2.9926,-1.3479
-14.896,-2.9675,-1.3498
-14.891,-2.9423,-1.3514
-14.886,-2.9169,-1.353
-14.881,-2.8911,-1.3543
-14.876,-2.8652,-1.3554
-14.871,-2.8392,-1.3562
-14.866,-2.8129,-1.3568
-14.862,-2.7869,-1.3572
-14.858,-2.7614,-1.3574
-14.854,-2.736,-1.3576
-14.849,-2.711,-1.3577
-14.845,-2.6863,-1.3578
-14.84,-2.662,-1.358
-14.835,-2.638,-1.3582
-14.829,-2.6142,-1.3584
-14.824,-2.5904,-1.3586
-14.818,-2.5666,-1.3588
-14.813,-2.5429,-1.359
-14.807,-2.5194,-1.3591
-14.801,-2.496,-1.3593
-14.796,-2.4726,-1.3596
-14.79,-2.449,-1.3597
-14.785,-2.4253,-1.3599
-14.779,-2.4019,-1.36
-14.774,-2.3787,-1.36
-14.768,-2.3553,-1.3599
-14.762,-2.3318,-1.3598
-14.756,-2.3086,-1.3597
-14.75,-2.2853,-1.3596
-14.744,-2.2618,-1.3596
-14.738,-2.2379,-1.3595
-14.732,-2.2138,-1.3594
-14.725,-2.1896,-1.3592
-14.719,-2.1651,-1.3588
-14.713,-2.1403,-1.3582
-14.707,-2.1155,-1.3577
-14.702,-2.0905,-1.3572
-14.696,-2.0654,-1.3568
-14.69,-2.0402,-1.3564
-14.684,-2.0152,-1.3562
-14.679,-1.9903,-1.356
-14.673,-1.9655,-1.3559
-14.667,-1.9406,-1.3559
-14.661,-1.9157,-1.3559
-14.655,-1.8907,-1.3559
-14.65,-1.8656,-1.3558
-14.644,-1.8407,-1.3557
-14.638,-1.8161,-1.3557
-14.632,-1.7919,-1.3558
-14.626,-1.768,-1.3559
-14.621,-1.7443,-1.356
-14.615,-1.7207,-1.3561
-14.609,-1.6974,-1.3563
-14.604,-1.6745,-1.3566
-14.598,-1.6516,-1.3568
-14.593,-1.6283,-1.3569
-14.587,-1.6047,-1.357
-14.581,-1.5812,-1.357
-14.576,-1.5576,-1.3568
-14.57,-1.5341,-1.3566
-14.565,-1.5107,-1.3561
-14.56,-1.4875,-1.3554
-14.555,-1.4647,-1.3544
-14.55,-1.4423,-1.3531
-14.544,-1.4203,-1.3514
-14.539,-1.3986,-1.3494
-14.533,-1.3775,-1.347
-14.528,-1.3568,-1.3439
-14.523,-1.3368,-1.3402
-14.518,-1.3177,-1.3359
-14.513,-1.2993,-1.3309
-14.509,-1.2816,-1.3252
-14.504,-1.2644,-1.3185
-14.499,-1.2477,-1.3109
-14.493,-1.2317,-1.3024
-14.488,-1.2162,-1.2932
-14.483,-1.2014,-1.2834
-14.477,-1.1876,-1.2733
-14.472,-1.1744,-1.2628
-14.466,-1.1617,-1.2518
-14.461,-1.1495,-1.2405
-14.456,-1.138,-1.2289
-14.451,-1.1271,-1.217
-14.446,-1.1165,-1.2048
-14.441,-1.1061,-1.1923
-14.435,-1.0957,-1.1793
-14.43,-1.0851,-1.1658
-14.424,-1.0748,-1.1517
-14.419,-1.0653,-1.1372
-14.413,-1.0561,-1.122
-14.407,-1.0474,-1.1061
-14.4,-1.0395,-1.0896
-14.394,-1.032,-1.0725
-14.387,-1.0247,-1.0547
-14.38,-1.0178,-1.0363
-14.372,-1.0114,-1.0174
-14.365,-1.005,-0.99801
-14.357,-0.99853,-0.97818
-14.348,-0.99209,-0.95798
-14.34,-0.9857,-0.93749
-14.331,-0.97933,-0.91676
-14.322,-0.97312,-0.89586
-14.312,-0.96715,-0.8749
-14.303,-0.96137,-0.85384
-14.293,-0.9556,-0.83261
-14.283,-0.94959,-0.81119
-14.273,-0.94339,-0.78956
-14.262,-0.93733,-0.7677
-14.25,-0.93148,-0.74563
-14.239,-0.92568,-0.72335
-14.227,-0.91994,-0.7009
-14.214,-0.91435,-0.67834
-14.201,-0.90891,-0.6557
-14.187,-0.90361,-0.63303
-14.172,-0.89847,-0.61039
-14.157,-0.89352,-0.58782
-14.141,-0.8887,-0.56536
-14.125,-0.88381,-0.54299
-14.109,-0.87884,-0.52077
-14.092,-0.87397,-0.49882
-14.074,-0.86926,-0.47721
-14.057,-0.86463,-0.45593
-14.039,-0.86008,-0.43501
-14.021,-0.8557,-0.41452
-14.002,-0.85151,-0.3945
-13.984,-0.84752,-0.37499
-13.966,-0.84386,-0.35606
-13.948,-0.84041,-0.33782
-13.93,-0.83704,-0.32039
-13.911,-0.8337,-0.30376
-13.892,-0.83041,-0.28791
-13.872,-0.82723,-0.27292
-13.853,-0.82413,-0.25888
-13.833,-0.82103,-0.24581
-13.812,-0.8181,-0.23374
-13.791,-0.81539,-0.22268
-13.77,-0.81277,-0.21263
-13.748,-0.81019,-0.20361
-13.725,-0.80763,-0.19567
-13.701,-0.80504,-0.18885
-13.678,-0.80242,-0.18301
-13.654,-0.79961,-0.17798
-13.629,-0.79642,-0.17366
-13.604,-0.79306,-0.1701
-13.579,-0.78965,-0.1673
-13.553,-0.78606,-0.16507
-13.527,-0.78229,-0.16327
-13.501,-0.77841,-0.16187
-13.474,-0.77444,-0.16081
-13.447,-0.77049,-0.16004
-13.42,-0.76673,-0.15949
-13.393,-0.76326,-0.15911
-13.365,-0.7601,-0.15892
-13.338,-0.75705,-0.15889
-13.31,-0.75378,-0.15888
-13.282,-0.75019,-0.15884
-13.254,-0.74634,-0.1587
-13.226,-0.74235,-0.15846
-13.198,-0.73838,-0.15822
-13.17,-0.7345,-0.15798
-13.142,-0.73062,-0.15774
-13.114,-0.72654,-0.15746
-13.085,-0.72232,-0.15717
-13.055,-0.71809,-0.15686
-13.026,-0.71368,-0.15651
-12.996,-0.70901,-0.15609
-12.967,-0.70437,-0.15566
-12.937,-0.69993,-0.15524
-12.907,-0.69559,-0.15479
-12.876,-0.69127,-0.15427
-12.847,-0.68716,-0.15374
-12.818,-0.68325,-0.15318
-12.789,-0.67935,-0.15249
-12.761,-0.67549,-0.15159
-12.732,-0.67178,-0.15036
-12.705,-0.66829,-0.14872
-12.678,-0.66512,-0.14665
-12.651,-0.66234,-0.14408
-12.625,-0.65979,-0.14087
-12.599,-0.65742,-0.13685
-12.573,-0.65527,-0.13189
-12.547,-0.65333,-0.12593
-12.522,-0.65153,-0.11893
-12.496,-0.64972,-0.11088
-12.471,-0.64787,-0.10181
-12.447,-0.64615,-0.091893
-12.424,-0.64479,-0.08134
-12.401,-0.64375,-0.070339
-12.378,-0.64298,-0.058962
-12.356,-0.64255,-0.047242
-12.334,-0.64241,-0.035247
-12.313,-0.6424,-0.023087
-12.291,-0.64258,-0.010943
-12.27,-0.64303,0.00099353
-12.249,-0.64375,0.0126
-12.227,-0.64472,0.023827
-12.206,-0.64584,0.034661
-12.185,-0.64706,0.045043
-12.164,-0.64847,0.054877
-12.144,-0.65012,0.064102
-12.123,-0.65207,0.072659
-12.102,-0.65435,0.080443
-12.082,-0.65691,0.087356
-12.062,-0.65964,0.093391
-12.041,-0.66254,0.098589
-12.021,-0.66566,0.10298
-12,-0.66896,0.10661
-11.979,-0.67221,0.10957
-11.958,-0.67534,0.11193
-11.936,-0.67844,0.11374
-11.915,-0.68155,0.11508
-11.893,-0.68466,0.11602
-11.871,-0.6877,0.11665
-11.849,-0.69069,0.11703
-11.826,-0.69373,0.1172
-11.803,-0.69682,0.11722
-11.78,-0.69997,0.1171
-11.757,-0.70316,0.11689
-11.734,-0.70638,0.11662
-11.71,-0.70979,0.11626
-11.684,-0.71353,0.11576
-11.659,-0.71737,0.11514
-11.633,-0.72098,0.11446
-11.608,-0.72439,0.11367
-11.583,-0.72771,0.11269
-11.559,-0.73105,0.11146
-11.535,-0.73449,0.10993
-11.51,-0.73801,0.10813
-11.486,-0.74147,0.10608
-11.462,-0.74465,0.10379
-11.438,-0.74741,0.10118
-11.415,-0.74984,0.098189
-11.392,-0.75197,0.094811
-11.369,-0.75375,0.091091
-11.346,-0.75525,0.087009
-11.323,-0.75664,0.082489
-11.3,-0.75804,0.077487
-11.276,-0.75931,0.072028
-11.253,-0.76026,0.066192
-11.229,-0.76087,0.059997
-11.205,-0.76127,0.053368
-11.18,-0.76159,0.046291
-11.155,-0.76183,0.038828
-11.13,-0.76188,0.031069
-11.105,-0.76162,0.023105
-11.081,-0.76113,0.014951
-11.057,-0.7605,0.0066288
-11.033,-0.75958,-0.0017466
-11.009,-0.75838,-0.010069
-10.985,-0.75701,-0.018264
-10.961,-0.75535,-0.0262
-10.937,-0.75349,-0.033791
-10.913,-0.75163,-0.041059
-10.89,-0.74983,-0.047998
-10.866,-0.748,-0.05455
-10.843,-0.74608,-0.060704
-10.819,-0.74403,-0.066473
-10.796,-0.74181,-0.071839
-10.772,-0.73937,-0.076782
-10.749,-0.73666,-0.081296
-10.725,-0.73378,-0.085424
-10.702,-0.73092,-0.089205
-10.678,-0.72814,-0.092614
-10.655,-0.72544,-0.09562
-10.631,-0.72272,-0.098206
-10.606,-0.72002,-0.1004
-10.581,-0.71746,-0.10225
-10.556,-0.71501,-0.10376
-10.531,-0.71264,-0.10497
-10.506,-0.7104,-0.10595
-10.481,-0.7081,-0.10668
-10.455,-0.70566,-0.10717
-10.429,-0.70322,-0.1075
-10.403,-0.70085,-0.10776
-10.377,-0.69856,-0.108
-10.351,-0.69633,-0.10823
-10.325,-0.69407,-0.10837
-10.299,-0.69176,-0.1084
-10.273,-0.6895,-0.10833
-10.247,-0.68747,-0.10825
-10.22,-0.6857,-0.10821
-10.194,-0.68401,-0.10818
-10.167,-0.68222,-0.1081
-10.14,-0.68044,-0.10803
-10.113,-0.67873,-0.10801
-10.086,-0.67693,-0.10795
-10.059,-0.67501,-0.10786
-10.032,-0.67304,-0.10777
-10.004,-0.67086,-0.10765
-9.9758,-0.66838,-0.10749
-9.9477,-0.66581,-0.10733
-9.9198,-0.66322,-0.10721
-9.8918,-0.66056,-0.10714
-9.8639,-0.6577,-0.10709
-9.8362,-0.65465,-0.10701
-9.8089,-0.65159,-0.10697
-9.7816,-0.64859,-0.10699
-9.754,-0.6456,-0.10697
-9.7263,-0.64257,-0.10687
-9.6985,-0.63961,-0.10673
-9.6702,-0.63679,-0.10661
-9.6414,-0.63406,-0.10654
-9.6123,-0.63126,-0.10649
-9.5832,-0.62834,-0.10644
-9.5541,-0.62526,-0.10636
-9.5249,-0.62213,-0.10622
-9.4957,-0.61919,-0.10606
-9.4667,-0.61656,-0.10595
-9.4378,-0.61413,-0.10587
-9.4088,-0.61172,-0.10583
-9.3797,-0.60934,-0.10584
-9.3508,-0.60704,-0.1059
-9.3223,-0.60488,-0.10596
-9.294,-0.60275,-0.10603
-9.2659,-0.60054,-0.10611
-9.238,-0.59817,-0.1062
-9.2105,-0.59563,-0.10629
-9.1828,-0.59294,-0.10637
-9.1547,-0.59014,-0.10642
-9.1265,-0.58732,-0.10644
-9.0979,-0.5845,-0.10647
-9.0688,-0.58166,-0.10648
-9.0393,-0.5788,-0.10645
-9.0099,-0.57589,-0.10637
-8.9809,-0.57292,-0.10629
-8.9521,-0.56989,-0.10623
-8.9233,-0.56685,-0.10623
-8.8945,-0.5639,-0.10625
-8.8656,-0.56103,-0.10628
-8.8365,-0.55823,-0.10634
-8.8069,-0.55549,-0.10646
-8.7769,-0.55281,-0.10662
-8.7471,-0.55034,-0.10683
-8.7177,-0.54809,-0.10706
-8.6886,-0.5459,-0.1073
-8.6597,-0.54368,-0.10757
-8.6312,-0.54137,-0.10785
-8.603,-0.53887,-0.10808
-8.5751,-0.53629,-0.10822
-8.5472,-0.53388,-0.10829
-8.5195,-0.53166,-0.10837
-8.4918,-0.52951,-0.10845
-8.4644,-0.52734,-0.1085
-8.4372,-0.52517,-0.1085
-8.4101,-0.52298,-0.10845
-8.3829,-0.52083,-0.10843
-8.3558,-0.51869,-0.10842
-8.3286,-0.51654,-0.10844
-8.3012,-0.51441,-0.10852
-8.2733,-0.51234,-0.10864
-8.2451,-0.51026,-0.10874
-8.2168,-0.50811,-0.10874
-8.1883,-0.50588,-0.10865
-8.1599,-0.50356,-0.1085
-8.1316,-0.50116,-0.10831
-8.1034,-0.49874,-0.10809
-8.0752,-0.49632,-0.10784
-8.0468,-0.49388,-0.10755
-8.0178,-0.49153,-0.10721
-7.9885,-0.4893,-0.10684
-7.9592,-0.48718,-0.10644
-7.93,-0.48512,-0.10602
-7.9012,-0.48303,-0.1056
-7.873,-0.48088,-0.10519
-7.8449,-0.47863,-0.10478
-7.8169,-0.47638,-0.10439
-7.7892,-0.47412,-0.10405
-7.7617,-0.47175,-0.10371
-7.7342,-0.46929,-0.1033
-7.7063,-0.46683,-0.10282
-7.678,-0.46432,-0.10219
-7.6495,-0.46171,-0.10135
-7.6213,-0.45909,-0.10029
-7.5935,-0.45644,-0.099006
-7.5659,-0.45381,-0.097474
-7.5385,-0.45136,-0.095767
-7.5113,-0.44915,-0.093952
-7.4843,-0.44717,-0.092045
-7.4575,-0.44529,-0.09001
-7.4308,-0.44338,-0.087816
-7.4038,-0.44155,-0.085485
-7.3765,-0.43996,-0.083046
-7.3492,-0.43861,-0.080493
-7.3223,-0.43739,-0.077801
-7.2957,-0.43629,-0.074957
-7.2693,-0.43534,-0.071957
-7.2429,-0.43461,-0.068807
-7.2163,-0.43413,-0.065508
-7.1899,-0.43386,-0.06203
-7.1638,-0.4337,-0.058335
-7.1379,-0.43363,-0.054402
-7.1121,-0.43369,-0.050217
-7.0864,-0.43381,-0.045778
-7.0612,-0.43388,-0.041132
-7.0367,-0.43389,-0.036288
-7.0127,-0.4339,-0.031227
-6.9889,-0.43404,-0.026017
-6.965,-0.43436,-0.020763
-6.9409,-0.43491,-0.015537
-6.9163,-0.43569,-0.010334
-6.8918,-0.43659,-0.0051436
-6.8677,-0.43754,1.6592e-05
-6.8443,-0.43856,0.0051207
-6.8217,-0.43969,0.010134
-6.7994,-0.44088,0.015081
-6.777,-0.44213,0.020027
-6.7544,-0.44353,0.024983
-6.7315,-0.44508,0.029963
-6.7087,-0.44673,0.035041
-6.6857,-0.44849,0.040283
-6.6625,-0.45036,0.045701
-6.6391,-0.45237,0.051272
-6.6153,-0.45463,0.056946
-6.591,-0.45716,0.062708
-6.5668,-0.4599,0.068586
-6.543,-0.46282,0.074598
-6.5192,-0.46599,0.080729
-6.4954,-0.46947,0.08698
-6.4715,-0.47326,0.093394
-6.4475,-0.47725,0.1
-6.4235,-0.48138,0.10678
-6.3994,-0.4857,0.11369
-6.3753,-0.49021,0.12067
-6.3512,-0.49484,0.12771
-6.3273,-0.49962,0.13483
-6.3036,-0.5045,0.14198
-6.2802,-0.50936,0.14905
-6.2571,-0.51418,0.15595
-6.2341,-0.51901,0.16257
-6.2116,-0.52388,0.1688
-6.1894,-0.5288,0.17463
-6.1674,-0.53376,0.17998
-6.1456,-0.53881,0.18477
-6.1234,-0.54397,0.18903
-6.1001,-0.54926,0.19284
-6.0759,-0.55472,0.19619
-6.0511,-0.56035,0.19902
-6.0261,-0.56595,0.20133
-6.0007,-0.57143,0.20318
-5.9746,-0.57695,0.20463
-5.9477,-0.5826,0.20573
-5.92,-0.58843,0.20655
-5.892,-0.59435,0.20713
-5.8639,-0.60031,0.20756
-5.8355,-0.60643,0.20788
-5.8069,-0.61277,0.20812
-5.7783,-0.61924,0.20825
-5.75,-0.62574,0.20835
-5.7217,-0.63225,0.20845
-5.6932,-0.63876,0.20856
-5.6645,-0.64533,0.20874
-5.6357,-0.65206,0.20901
-5.6071,-0.65897,0.20936
-5.5785,-0.66597,0.20983
-5.5501,-0.67292,0.21049
-5.522,-0.67983,0.2113
-5.4941,-0.6867,0.21218
-5.4663,-0.69347,0.21313
-5.4384,-0.69996,0.21418
-5.4108,-0.70612,0.21533
-5.3833,-0.71213,0.21652
-5.3557,-0.71821,0.21769
-5.3281,-0.72445,0.21879
-5.3007,-0.73079,0.21985
-5.2736,-0.73731,0.22089
-5.2463,-0.7441,0.2219
-5.2184,-0.75105,0.22288
-5.1902,-0.75812,0.22386
-5.1622,-0.76531,0.22484
-5.1346,-0.77252,0.22582
-5.1078,-0.77961,0.22673
-5.0817,-0.78655,0.22754
-5.056,-0.7933,0.22837
-5.0302,-0.79998,0.22929
-5.0041,-0.80668,0.23025
-4.9777,-0.81342,0.23121
-4.951,-0.82018,0.23216
-4.9239,-0.82706,0.23309
-4.8964,-0.83407,0.23396
-4.8687,-0.84129,0.23471
-4.8407,-0.84876,0.23537
-4.8128,-0.85631,0.236
-4.7852,-0.86374,0.23663
-4.758,-0.87115,0.23724
-4.7306,-0.87871,0.2378
-4.7028,-0.88642,0.2383
-4.6747,-0.89411,0.23874
-4.6461,-0.90178,0.23915
-4.6172,-0.90944,0.23956
-4.5882,-0.91706,0.23993
-4.5592,-0.92461,0.24023
-4.5304,-0.93209,0.24053
-4.5015,-0.93959,0.24079
-4.4729,-0.94709,0.24099
-4.4445,-0.95443,0.24117
-4.416,-0.96163,0.24137
-4.3875,-0.96876,0.24157
-4.359,-0.97587,0.24181
-4.3305,-0.98303,0.24206
-4.3024,-0.99027,0.24227
-4.2745,-0.99743,0.24248
-4.2468,-1.0045,0.24272
-4.2191,-1.0115,0.24296
-4.1915,-1.0185,0.24325
-4.1639,-1.0255,0.24359
-4.1364,-1.0327,0.24397
-4.1089,-1.04,0.24447
-4.0815,-1.0474,0.24511
-4.0542,-1.0547,0.24585
-4.0268,-1.0621,0.24658
-3.9995,-1.0698,0.24733
-3.972,-1.0775,0.24816
-3.9443,-1.0854,0.24912
-3.9164,-1.0932,0.25018
-3.8883,-1.1008,0.25131
-3.86,-1.1084,0.25254
-3.8315,-1.1159,0.25384
-3.8031,-1.1233,0.25513
-3.7751,-1.1307,0.25636
-3.7474,-1.138,0.25754
-3.7201,-1.1454,0.25867
-3.6934,-1.1527,0.2598
-3.667,-1.1601,0.261
-3.6408,-1.1673,0.26224
-3.6148,-1.1747,0.26346
-3.5889,-1.1823,0.26467
-3.563,-1.1899,0.26591
-3.5374,-1.1976,0.26721
-3.5125,-1.2052,0.2686
-3.4881,-1.2129,0.27011
-3.4638,-1.2206,0.2717
-3.4396,-1.2286,0.27327
-3.4153,-1.2368,0.27477
-3.391,-1.2451,0.27626
-3.3663,-1.2535,0.2778
-3.3413,-1.2619,0.27933
-3.3159,-1.2704,0.28076
-3.2902,-1.2789,0.28207
-3.2642,-1.2873,0.28332
-3.238,-1.2956,0.28451
-3.2118,-1.304,0.28566
-3.1855,-1.3121,0.28681
-3.1592,-1.32,0.28797
-3.133,-1.3278,0.28904
-3.1071,-1.3356,0.28995
-3.0813,-1.3433,0.2907
-3.0551,-1.3511,0.29138
-3.0284,-1.359,0.29197
-3.0014,-1.3671,0.29256
-2.9742,-1.3752,0.29325
-2.9471,-1.3835,0.29398
-2.9202,-1.3919,0.29478
-2.8933,-1.4005,0.29566
-2.8665,-1.4093,0.29653
-2.84,-1.4182,0.29734
-2.8134,-1.4273,0.29815
-2.7867,-1.4364,0.29898
-2.7601,-1.4458,0.2998
-2.7336,-1.4552,0.30052
-2.7072,-1.4645,0.30116
-2.6806,-1.4738,0.30176
-2.6535,-1.4832,0.30238
-2.6264,-1.4925,0.30297
-2.5992,-1.5018,0.3035
-2.572,-1.511,0.30396
-2.5451,-1.5203,0.30437
-2.5184,-1.5296,0.30471
-2.4917,-1.539,0.30505
-2.4647,-1.5483,0.30537
-2.4376,-1.5576,0.30565
-2.4102,-1.5669,0.30597
-2.3828,-1.5761,0.30633
-2.3554,-1.5853,0.30673
-2.3281,-1.5945,0.30716
-2.3008,-1.6037,0.30755
-2.2732,-1.6129,0.3079
-2.2453,-1.6221,0.30822
-2.2175,-1.6314,0.30849
-2.1896,-1.6409,0.3087
-2.1616,-1.6504,0.30882
-2.1337,-1.6597,0.30888
-2.1059,-1.6692,0.30887
-2.078,-1.6789,0.30882
-2.0502,-1.6886,0.30874
-2.0226,-1.6983,0.30865
-1.9949,-1.7079,0.30861
-1.9671,-1.7173,0.30855
-1.9394,-1.7268,0.30838
-1.9121,-1.7364,0.30805
-1.8848,-1.7462,0.30757
-1.8576,-1.7561,0.30702
-1.8306,-1.7659,0.30647
-1.8038,-1.7757,0.30593
-1.7769,-1.7856,0.30533
-1.7498,-1.7954,0.30467
-1.7226,-1.805,0.30398
-1.6952,-1.8143,0.30322
-1.6676,-1.8234,0.30233
-1.64,-1.8321,0.30128
-1.6127,-1.8403,0.30005
-1.5859,-1.8481,0.2986
-1.5595,-1.8557,0.29687
-1.5334,-1.8633,0.29482
-1.5075,-1.8709,0.29244
-1.4818,-1.8785,0.28967
-1.4562,-1.8859,0.2865
-1.4308,-1.8931,0.28288
-1.4054,-1.9001,0.27873
-1.38,-1.9066,0.27405
-1.3547,-1.9128,0.26883
-1.3294,-1.9188,0.26304
-1.3045,-1.9246,0.25671
-1.2798,-1.9304,0.24994
-1.2552,-1.9359,0.24282
-1.2309,-1.9409,0.23532
-1.207,-1.9456,0.22743
-1.1834,-1.95,0.21918
-1.16,-1.9541,0.2107
-1.137,-1.9581,0.20205
-1.114,-1.9619,0.19329
-1.0912,-1.9655,0.18446
-1.0685,-1.969,0.17564
-1.0459,-1.9722,0.16693
-1.0232,-1.9752,0.1584
-1.0002,-1.9778,0.15011
-0.97712,-1.9802,0.14206
-0.95389,-1.9823,0.13428
-0.93046,-1.984,0.12684
-0.90673,-1.9854,0.11988
-0.88276,-1.9866,0.11355
-0.8587,-1.9878,0.10796
-0.83459,-1.989,0.10313
-0.81052,-1.9902,0.099009
-0.78648,-1.9918,0.095519
-0.76235,-1.9936,0.092585
-0.73805,-1.9955,0.090261
-0.7137,-1.9974,0.088572
-0.68945,-1.9992,0.087448
-0.66525,-2.0007,0.086864
-0.64091,-2.0021,0.08681
-0.61604,-2.0036,0.08727
-0.59042,-2.0052,0.088183
-0.56414,-2.0069,0.089429
-0.53743,-2.0084,0.090968
-0.51046,-2.01,0.092828
-0.4831,-2.0119,0.094973
-0.45547,-2.0141,0.097381
-0.42786,-2.0162,0.10011
-0.4003,-2.0182,0.1032
-0.37289,-2.0206,0.1066
-0.34587,-2.0234,0.1103
-0.31921,-2.0269,0.11428
-0.29275,-2.0309,0.11859
-0.26667,-2.0352,0.12324
-0.24125,-2.04,0.12824
-0.21637,-2.045,0.13362
-0.19203,-2.0503,0.13947
-0.1683,-2.0558,0.14579
-0.1451,-2.0614,0.15257
-0.12234,-2.067,0.15985
-0.099951,-2.0725,0.16768
-0.078019,-2.078,0.17597
-0.05642,-2.0836,0.18472
-0.034807,-2.0891,0.1939
-0.013021,-2.0946,0.20346
0.0087937,-2.1001,0.21333
0.030497,-2.1057,0.2235
0.052319,-2.1117,0.23407
0.074405,-2.1178,0.24501
0.096382,-2.1243,0.2562
0.11813,-2.1312,0.26758
0.13988,-2.1382,0.27915
0.16158,-2.1454,0.29098
0.18315,-2.1529,0.30307
0.20446,-2.1607,0.31537
0.22538,-2.169,0.32776
0.2458,-2.1777,0.34023
0.26567,-2.1867,0.35273
0.28505,-2.1959,0.36525
0.30409,-2.2056,0.37781
0.32289,-2.2157,0.3904
0.34144,-2.2261,0.40304
0.35972,-2.2368,0.41569
0.37781,-2.2478,0.42835
0.3958,-2.2591,0.44111
0.4138,-2.2706,0.45402
0.43183,-2.2821,0.46709
0.44995,-2.2938,0.48028
0.46819,-2.3054,0.49354
0.48662,-2.317,0.50687
0.50508,-2.3286,0.5202
0.52339,-2.3403,0.53345
0.54154,-2.3521,0.54662
0.55954,-2.3641,0.55965
0.57743,-2.3763,0.57247
0.59522,-2.3887,0.58504
0.61281,-2.4016,0.59727
0.63025,-2.4151,0.60914
0.64759,-2.4292,0.62067
0.66476,-2.4438,0.63184
0.68172,-2.4587,0.64261
0.69849,-2.4738,0.653
0.71509,-2.4889,0.66302
0.7316,-2.5043,0.67269
0.7482,-2.5197,0.68205
0.76487,-2.5352,0.69107
0.78173,-2.551,0.69965
0.79888,-2.5671,0.70777
0.81596,-2.5836,0.71534
0.8327,-2.6003,0.7223
0.84933,-2.6172,0.72869
0.86608,-2.6341,0.73461
0.88292,-2.6509,0.74009
0.89979,-2.6676,0.74517
0.91678,-2.6843,0.74986
0.93392,-2.7009,0.75415
0.95116,-2.7173,0.75812
0.96843,-2.7339,0.76193
0.98572,-2.7509,0.76569
1.0031,-2.7682,0.76951
1.0204,-2.7855,0.77351
1.0375,-2.8028,0.77782
1.0543,-2.8202,0.78239
1.0707,-2.8376,0.78715
1.0867,-2.8548,0.79214
1.1023,-2.8719,0.79739
1.1174,-2.8889,0.80283
1.1319,-2.9059,0.80833
1.1461,-2.9227,0.81384
1.16,-2.9394,0.81933
1.1737,-2.9561,0.82474
1.1872,-2.9728,0.82998
1.2007,-2.9892,0.83497
1.2139,-3.0053,0.83957
1.2266,-3.021,0.84368
1.2391,-3.0363,0.84735
1.2515,-3.0511,0.85066
1.264,-3.0655,0.85357
1.2762,-3.0798,0.85605
1.2883,-3.0941,0.85815
1.3001,-3.1082,0.8599
1.3118,-3.1222,0.86129
1.3233,-3.1362,0.8623
1.3345,-3.1501,0.86298
1.3455,-3.1639,0.8634
1.3564,-3.1776,0.86359
1.3675,-3.1915,0.8636
1.3787,-3.2054,0.86356
1.39,-3.2192,0.86353
1.4013,-3.2331,0.86344
1.4126,-3.2473,0.86328
1.4238,-3.2614,0.8631
1.4352,-3.2755,0.86294
1.4469,-3.2898,0.86276
1.4589,-3.3042,0.86257
1.471,-3.3185,0.86238
1.4832,-3.3326,0.8622
1.4954,-3.3466,0.86206
1.5074,-3.3605,0.86199
1.5194,-3.3746,0.86193
1.5311,-3.3888,0.86191
1.5426,-3.403,0.86198
1.554,-3.4173,0.86211
1.5655,-3.4318,0.86229
1.5772,-3.4463,0.86254
1.589,-3.4607,0.86283
1.6009,-3.4747,0.86315
1.6128,-3.4884,0.86351
1.6248,-3.502,0.86388
1.6369,-3.5157,0.86426
1.649,-3.5293,0.86464
1.6609,-3.5429,0.86505
1.6726,-3.5566,0.86552
1.6843,-3.5704,0.86614
1.6957,-3.5844,0.86698
1.707,-3.5985,0.86817
1.7181,-3.6125,0.86977
1.729,-3.6264,0.87176
1.7397,-3.6404,0.87426
1.7505,-3.6543,0.87742
1.7612,-3.6682,0.88122
1.7715,-3.6821,0.8856
1.7817,-3.6963,0.89052
1.7916,-3.7105,0.89601
1.8014,-3.7245,0.90207
1.8109,-3.7384,0.9086
1.8202,-3.7524,0.91554
1.8294,-3.7665,0.92295
1.8384,-3.7805,0.93077
1.8473,-3.7945,0.93896
1.856,-3.8086,0.94753
1.8645,-3.8227,0.9564
1.8726,-3.837,0.96537
1.8804,-3.8513,0.97436
1.8881,-3.8654,0.98331
1.8956,-3.8795,0.9922
1.9031,-3.8938,1.001
1.9106,-3.9083,1.0097
1.918,-3.9229,1.0182
1.9254,-3.9375,1.0266
1.9327,-3.9523,1.0348
1.9399,-3.9673,1.0428
1.9471,-3.9826,1.0505
1.9544,-3.9978,1.058
1.9617,-4.0133,1.0653
1.969,-4.0289,1.0725
1.9764,-4.0449,1.0796
1.9838,-4.0611,1.0866
1.9911,-4.0777,1.0934
1.9985,-4.0946,1.1003
2.006,-4.1122,1.1073
2.0136,-4.1304,1.1143
2.021,-4.1491,1.1212
2.0283,-4.1682,1.1282
2.0354,-4.1876,1.1352
2.0423,-4.2073,1.1423
2.0491,-4.227,1.1494
2.0558,-4.2467,1.1564
2.0624,-4.2662,1.1635
2.0687,-4.2856,1.1706
2.0749,-4.3047,1.1776
2.0809,-4.3237,1.1845
2.0868,-4.3427,1.1913
2.0925,-4.3619,1.1979
2.0982,-4.3812,1.2043
2.1039,-4.4005,1.2108
2.1094,-4.4198,1.2172
2.1149,-4.439,1.2236
2.1204,-4.4579,1.23
2.1258,-4.4765,1.2365
2.1313,-4.4951,1.2431
2.137,-4.514,1.2498
2.1429,-4.5332,1.2567
2.1488,-4.5529,1.2636
2.1544,-4.5729,1.2705
2.1599,-4.5934,1.2774
2.1653,-4.6142,1.2844
2.1706,-4.6355,1.2914
2.1757,-4.6571,1.2984
2.1806,-4.679,1.3056
2.1851,-4.701,1.3128
2.1891,-4.7232,1.3203
2.1928,-4.7455,1.328
2.1962,-4.7681,1.336
2.1996,-4.7908,1.3444
2.203,-4.8135,1.3532
2.2063,-4.836,1.3623
2.2094,-4.8582,1.3716
2.2121,-4.8804,1.381
2.2145,-4.9024,1.3905
2.2166,-4.9242,1.4
2.2187,-4.9457,1.4096
2.2206,-4.9672,1.4192
2.2223,-4.9889,1.4288
2.2236,-5.0111,1.4383
2.2246,-5.0334,1.4478
2.2252,-5.0556,1.4573
2.2256,-5.0781,1.4669
2.2257,-5.1011,1.4763
2.2255,-5.1244,1.4855
2.2251,-5.1478,1.4944
2.2246,-5.1714,1.5031
2.2239,-5.1951,1.5115
2.2231,-5.2192,1.5197
2.2223,-5.2434,1.5274
2.2215,-5.2679,1.5349
2.2208,-5.2928,1.5418
2.22,-5.318,1.5481
2.219,-5.3433,1.5538
2.218,-5.3688,1.559
2.2169,-5.3944,1.5636
2.216,-5.4203,1.5678
2.2152,-5.4463,1.5715
2.2144,-5.4722,1.5747
2.2137,-5.4977,1.5775
2.213,-5.5229,1.58
2.2126,-5.5481,1.5822
2.2121,-5.5735,1.5843
2.2116,-5.5991,1.5862
2.211,-5.6248,1.5879
2.2103,-5.6509,1.5893
2.2094,-5.6771,1.5906
2.2086,-5.7033,1.5918
2.2079,-5.7298,1.5929
2.2073,-5.7565,1.5939
2.2066,-5.7833,1.5949
2.2058,-5.8101,1.5958
2.2051,-5.8369,1.5968
2.2041,-5.8635,1.5978
2.2028,-5.8903,1.5989
2.2012,-5.9173,1.6001
2.1994,-5.9444,1.6013
2.1975,-5.9716,1.6025
2.1956,-5.9987,1.6039
2.1938,-6.0254,1.6054
2.1919,-6.0517,1.607
2.1902,-6.0776,1.6085
2.1883,-6.1036,1.61
2.1864,-6.1297,1.6115
2.1844,-6.1558,1.613
2.1825,-6.1819,1.6145
2.1805,-6.2079,1.6159
2.1785,-6.2339,1.6174
2.1763,-6.2604,1.6189
2.1742,-6.2875,1.6203
2.1721,-6.3148,1.6217
2.1702,-6.342,1.6232
2.1683,-6.369,1.6248
2.1665,-6.3959,1.6263
2.1646,-6.423,1.6279
2.1626,-6.4504,1.6295
2.1604,-6.4777,1.631
2.158,-6.5053,1.6326
2.1553,-6.5331,1.634
2.1523,-6.5609,1.6354
2.1493,-6.5885,1.6369
2.1464,-6.6159,1.6385
2.1437,-6.6433,1.6402
2.1412,-6.6703,1.6419
2.1386,-6.6969,1.6437
2.1359,-6.7234,1.6454
2.1332,-6.7499,1.6471
2.1304,-6.7764,1.6488
2.1278,-6.8029,1.6506
2.1253,-6.8295,1.6525
2.1228,-6.8562,1.6542
2.1201,-6.8832,1.6557
2.1173,-6.9104,1.657
2.1146,-6.9376,1.6583
2.1119,-6.9647,1.6597
2.1091,-6.9916,1.661
2.1062,-7.0185,1.6624
2.1029,-7.0454,1.6637
2.0995,-7.0727,1.6649
2.096,-7.1,1.6662
2.0925,-7.1272,1.6675
2.0891,-7.1543,1.6689
2.0856,-7.1813,1.6702
2.082,-7.2081,1.6715
2.0785,-7.2348,1.6729
2.0749,-7.2617,1.6742
2.0713,-7.2888,1.6756
2.0678,-7.3158,1.677
2.0644,-7.3428,1.6784
2.0611,-7.3698,1.6797
2.0578,-7.397,1.6811
2.0544,-7.4242,1.6825
2.0509,-7.4512,1.6838
2.0474,-7.4782,1.6851
2.0437,-7.5051,1.6863
2.04,-7.532,1.6873
2.0363,-7.559,1.6882
2.0327,-7.586,1.6889
2.0289,-7.6131,1.6894
2.0252,-7.6401,1.69
2.0214,-7.6674,1.6906
2.0175,-7.695,1.6912
2.0136,-7.7229,1.6918
2.0096,-7.751,1.6923
2.0057,-7.7792,1.6927
2.0019,-7.8075,1.6929
1.9981,-7.836,1.6929
1.994,-7.8648,1.6929
1.9898,-7.8939,1.6929
1.9855,-7.9231,1.6929
1.9811,-7.9525,1.6928
1.9765,-7.982,1.6929
1.972,-8.0115,1.6931
1.9675,-8.0407,1.6933
1.9631,-8.07,1.6935
1.9587,-8.0992,1.6936
1.9541,-8.1284,1.6937
1.9495,-8.1575,1.6938
1.9449,-8.1866,1.6938
1.9404,-8.2158,1.6939
1.936,-8.2448,1.694
1.9316,-8.274,1.6941
1.9273,-8.3033,1.6942
1.923,-8.3327,1.6944
1.9187,-8.3619,1.6947
1.9145,-8.3909,1.695
1.9104,-8.4198,1.6954
1.9061,-8.4488,1.6957
1.9017,-8.478,1.6959
1.897,-8.5074,1.696
1.8925,-8.5369,1.6961
1.8882,-8.5667,1.696
1.8838,-8.5965,1.6959
1.8794,-8.6261,1.6958
1.875,-8.6556,1.6958
1.8707,-8.6851,1.6957
1.8663,-8.7145,1.6957
1.8618,-8.7436,1.6956
1.8572,-8.7727,1.6954
1.8527,-8.8017,1.6952
1.8483,-8.8305,1.695
1.8441,-8.8593,1.6949
1.84,-8.8883,1.6949
1.8361,-8.9173,1.6949
1.8324,-8.9463,1.6949
1.8287,-8.9754,1.695
1.8251,-9.0044,1.6951
1.8217,-9.0332,1.6953
1.8181,-9.062,1.6954
1.8141,-9.0909,1.6954
1.8099,-9.1196,1.6952
1.8056,-9.1484,1.695
1.8015,-9.1774,1.695
1.7977,-9.2064,1.695
1.7939,-9.2353,1.6951
1.7901,-9.264,1.6951
1.7864,-9.2925,1.6952
1.7827,-9.321,1.6951
1.7789,-9.3498,1.6951
1.775,-9.379,1.695
1.7711,-9.4081,1.695
1.767,-9.4374,1.695
1.7627,-9.4671,1.6949
1.7583,-9.4971,1.6949
1.7542,-9.5269,1.6948
1.7501,-9.5566,1.6948
1.7461,-9.5862,1.6949
1.7421,-9.616,1.6951
1.7382,-9.646,1.6952
1.7343,-9.6761,1.6954
1.7304,-9.7063,1.6956
1.7265,-9.7364,1.6956
1.7225,-9.7665,1.6957
1.7185,-9.7962,1.6956
1.7144,-9.8254,1.6956
1.7103,-9.8545,1.6956
1.706,-9.8836,1.6956
1.7017,-9.9128,1.6957
1.6975,-9.9422,1.6958
1.6934,-9.9716,1.6959
1.6891,-10.001,1.6961
1.6849,-10.03,1.6964
1.6808,-10.06,1.6967
1.6766,-10.089,1.697
1.6723,-10.119,1.6973
1.668,-10.148,1.6976
1.6637,-10.178,1.6979
1.6593,-10.208,1.6983
1.6548,-10.237,1.6985
1.6501,-10.266,1.6987
1.6455,-10.295,1.6987
1.6409,-10.324,1.6987
1.6365,-10.353,1.6988
1.6322,-10.382,1.6989
1.6279,-10.411,1.6992
1.6235,-10.44,1.6994
1.6192,-10.469,1.6995
1.6149,-10.498,1.6996
1.6108,-10.526,1.6997
1.6066,-10.555,1.6997
1.6025,-10.583,1.6997
1.5985,-10.612,1.6997
1.5946,-10.64,1.6997
1.5908,-10.668,1.6997
1.587,-10.697,1.6997
1.5833,-10.725,1.6997
1.5796,-10.754,1.6998
1.5758,-10.782,1.6999
1.5721,-10.81,1.6999
1.5682,-10.839,1.6999
1.5643,-10.867,1.6999
1.5604,-10.895,1.6998
1.5565,-10.923,1.6997
1.5527,-10.951,1.6997
1.5488,-10.979,1.6996
1.5449,-11.007,1.6995
1.5409,-11.035,1.6994
1.5369,-11.062,1.6994
1.5328,-11.09,1.6993
1.5288,-11.117,1.6993
1.5247,-11.144,1.6993
1.5206,-11.171,1.6992
1.5164,-11.199,1.699
1.5122,-11.226,1.699
1.5079,-11.254,1.699
1.5038,-11.281,1.699
1.4997,-11.309,1.6991
1.4956,-11.337,1.6992
1.4915,-11.365,1.6993
1.4874,-11.393,1.6994
1.4832,-11.421,1.6995
1.4789,-11.45,1.6997
1.4746,-11.479,1.6999
1.4703,-11.508,1.7002
1.4661,-11.537,1.7006
1.4617,-11.566,1.701
1.4572,-11.594,1.7014
1.4526,-11.623,1.7018
1.4479,-11.652,1.7022
1.4431,-11.681,1.7027
1.4382,-11.711,1.7032
1.4334,-11.74,1.7037
1.4287,-11.769,1.7043
1.4241,-11.798,1.7047
1.4195,-11.827,1.7051
1.4148,-11.856,1.7054
1.41,-11.885,1.7057
1.4052,-11.914,1.7058
1.4004,-11.943,1.7059
1.3957,-11.973,1.7061
1.3912,-12.002,1.7063
1.3867,-12.031,1.7065
1.3821,-12.06,1.7066
1.3775,-12.09,1.7067
1.3728,-12.119,1.7068
1.3683,-12.149,1.7069
1.3638,-12.178,1.7071
1.3593,-12.207,1.7073
1.3548,-12.237,1.7074
1.3503,-12.266,1.7075
1.3458,-12.296,1.7077
1.3414,-12.325,1.7078
1.3369,-12.354,1.708
1.3324,-12.383,1.7082
1.3279,-12.412,1.7083
1.3234,-12.441,1.7084
1.319,-12.469,1.7085
1.3147,-12.497,1.7086
1.3103,-12.525,1.7087
1.306,-12.553,1.7089
1.3019,-12.581,1.709
1.2977,-12.609,1.7091
1.2934,-12.638,1.7092
1.289,-12.666,1.7093
1.2845,-12.695,1.7093
1.2797,-12.724,1.7092
1.2751,-12.753,1.7091
1.2705,-12.782,1.7091
1.2661,-12.811,1.709
1.2617,-12.839,1.7089
1.2573,-12.867,1.7088
1.2529,-12.896,1.7087
1.2486,-12.924,1.7087
1.2442,-12.953,1.7087
1.2397,-12.981,1.7087
1.2352,-13.009,1.7088
1.2307,-13.037,1.7089
1.2263,-13.064,1.7088
1.2218,-13.092,1.7087
1.2173,-13.12,1.7087
1.2129,-13.148,1.7087
1.2083,-13.176,1.7088
1.2037,-13.204,1.709
1.199,-13.233,1.7092
1.1944,-13.261,1.7094
1.1898,-13.29,1.7097
1.1852,-13.319,1.7099
1.1806,-13.349,1.71
1.1761,-13.379,1.7102
1.1718,-13.408,1.7103
1.1675,-13.438,1.7103
1.1632,-13.466,1.7104
1.1587,-13.496,1.7104
1.1542,-13.525,1.7104
1.1497,-13.555,1.7104
1.1453,-13.584,1.7103
1.1409,-13.614,1.7102
1.1366,-13.643,1.71
1.1324,-13.672,1.7099
1.1284,-13.701,1.7098
1.1243,-13.731,1.7098
1.12,-13.76,1.7099
1.1156,-13.789,1.7099
1.1111,-13.819,1.71
1.1067,-13.848,1.7101
1.1023,-13.877,1.7102
1.0979,-13.906,1.7103
1.0935,-13.935,1.7103
1.0891,-13.964,1.7104
1.0848,-13.993,1.7104
1.0806,-14.022,1.7104
1.0765,-14.051,1.7104
1.0724,-14.08,1.7104
1.0682,-14.109,1.7104
1.0638,-14.138,1.7105
1.0592,-14.168,1.7106
1.0545,-14.197,1.7106
1.0498,-14.226,1.7108
1.0453,-14.255,1.7109
1.0407,-14.284,1.711
1.0361,-14.313,1.711
1.0312,-14.342,1.711
1.0262,-14.371,1.7108
1.0212,-14.4,1.7107
1.0161,-14.429,1.7105
1.0109,-14.457,1.7105
1.0059,-14.486,1.7105
1.001,-14.515,1.7106
0.99622,-14.543,1.7107
0.99162,-14.572,1.7108
0.98711,-14.601,1.7108
0.98263,-14.63,1.7109
0.97802,-14.658,1.711
0.97325,-14.688,1.7112
0.96841,-14.716,1.7113
0.96357,-14.745,1.7115
0.95877,-14.773,1.7117
0.95398,-14.802,1.7119
0.9492,-14.83,1.7122
0.94442,-14.858,1.7126
0.93964,-14.886,1.7129
0.93493,-14.914,1.7132
0.9303,-14.941,1.7134
0.92565,-14.968,1.7134
0.92089,-14.996,1.7134
0.91611,-15.024,1.7134
0.91141,-15.052,1.7135
0.90684,-15.079,1.7137
0.90241,-15.107,1.7138
0.89811,-15.134,1.7138
0.89382,-15.162,1.7138
0.88961,-15.189,1.7136
0.88555,-15.216,1.7135
0.88158,-15.242,1.7134
0.87758,-15.269,1.7134
0.87349,-15.295,1.7133
0.86934,-15.321,1.7132
0.8652,-15.347,1.7131
0.86111,-15.373,1.7129
0.85712,-15.399,1.7128
0.8532,-15.424,1.7127
0.84935,-15.449,1.7125
0.84566,-15.473,1.7123
0.84214,-15.497,1.7121
0.83865,-15.521,1.7119
0.83509,-15.544,1.7116
0.83148,-15.568,1.7112
0.82786,-15.592,1.7109
0.82413,-15.617,1.7105
0.8202,-15.641,1.7102
0.81605,-15.666,1.7098
0.81186,-15.691,1.7095
0.80778,-15.717,1.7092
0.80374,-15.743,1.7091
0.79966,-15.769,1.709
0.7955,-15.796,1.7088
0.79129,-15.823,1.7086
0.78701,-15.85,1.7084
0.78263,-15.877,1.7083
0.77815,-15.904,1.7083
0.77363,-15.932,1.7084
0.7691,-15.959,1.7085
0.76462,-15.987,1.7086
0.76018,-16.014,1.7087
0.75575,-16.041,1.7087
0.75138,-16.068,1.7088
0.74725,-16.095,1.7088
0.74341,-16.122,1.7088
0.73971,-16.149,1.7088
0.73607,-16.176,1.7087
0.73253,-16.203,1.7086
0.72897,-16.23,1.7084
0.72526,-16.256,1.7081
0.72139,-16.283,1.7077
0.71745,-16.311,1.7073
0.71355,-16.338,1.7069
0.70974,-16.365,1.7066
0.70603,-16.392,1.7063
0.70233,-16.419,1.7059
0.69852,-16.446,1.7055
0.69461,-16.474,1.7051
0.69063,-16.502,1.7046
0.68659,-16.53,1.7041
0.68251,-16.557,1.7035
0.67837,-16.586,1.703
0.67409,-16.614,1.7024
0.66966,-16.644,1.7019
0.66513,-16.674,1.7013
0.66053,-16.705,1.7006
0.65597,-16.736,1.6997
0.65161,-16.767,1.6987
0.6474,-16.797,1.6977
0.6432,-16.828,1.6967
0.63906,-16.858,1.6957
0.63508,-16.887,1.6947
0.63119,-16.917,1.6936
0.62742,-16.945,1.6925
0.62385,-16.974,1.6913
0.62051,-17.001,1.69
0.61735,-17.029,1.6885
0.61428,-17.055,1.6867
0.61121,-17.082,1.6844
0.60817,-17.108,1.6816
0.60524,-17.135,1.6783
0.60256,-17.161,1.6746
0.60006,-17.187,1.6707
0.5977,-17.213,1.6666
0.59551,-17.238,1.6625
0.59352,-17.263,1.6585
0.59164,-17.287,1.6545
0.58982,-17.312,1.6507
0.58807,-17.336,1.6472
0.5865,-17.361,1.644
0.58507,-17.385,1.6412
0.58364,-17.41,1.6386
0.58214,-17.435,1.6364
0.58054,-17.46,1.6344
0.57882,-17.485,1.6327
0.57705,-17.509,1.6314
0.57536,-17.534,1.6304
0.57377,-17.56,1.6296
0.57223,-17.585,1.6291
0.57063,-17.61,1.6288
0.56892,-17.636,1.6285
0.56703,-17.661,1.6283
0.56493,-17.687,1.6282
0.56267,-17.713,1.6281
0.56024,-17.739,1.6281
0.55774,-17.766,1.628
0.55537,-17.792,1.628
0.55312,-17.819,1.628
0.55089,-17.845,1.6281
0.54861,-17.872,1.6282
0.54632,-17.9,1.6283
0.54405,-17.928,1.6284
0.54187,-17.956,1.6285
0.53978,-17.984,1.6287
0.53773,-18.012,1.6289
0.53577,-18.04,1.629
0.53383,-18.068,1.6291
0.53189,-18.096,1.6292
0.53004,-18.123,1.6293
0.52833,-18.151,1.6295
0.52664,-18.178,1.6296
0.5249,-18.205,1.6298
0.52314,-18.232,1.6299
0.52143,-18.258,1.63
0.51978,-18.284,1.6299
0.51815,-18.31,1.6299
0.51649,-18.335,1.6298
0.51481,-18.359,1.6297
0.51309,-18.383,1.6296
0.51128,-18.406,1.6295
0.50938,-18.429,1.6294
0.50745,-18.452,1.6293
0.50553,-18.474,1.6291
0.50358,-18.495,1.6288
0.50161,-18.517,1.6285
0.49968,-18.538,1.6282
0.49782,-18.558,1.6279
0.49606,-18.579,1.6278
0.49451,-18.6,1.6277
0.49316,-18.621,1.6276
0.49196,-18.642,1.6275
0.4909,-18.663,1.6274
0.48986,-18.684,1.6273
0.48869,-18.706,1.6272
0.48742,-18.727,1.627
0.48603,-18.749,1.6268
0.4845,-18.77,1.6265
0.48286,-18.793,1.6263
0.48113,-18.815,1.6261
0.47938,-18.838,1.6259
0.47755,-18.861,1.6255
0.47564,-18.884,1.625
0.47386,-18.907,1.6243
0.47227,-18.931,1.6234
0.47069,-18.955,1.6222
0.46912,-18.978,1.6207
0.46749,-19.002,1.6188
0.46579,-19.026,1.6164
0.46427,-19.051,1.6136
0.46309,-19.074,1.6103
0.4622,-19.097,1.6067
0.46154,-19.119,1.6025
0.46116,-19.141,1.5978
0.46104,-19.163,1.5926
0.46127,-19.184,1.5866
0.46198,-19.205,1.5796
0.46311,-19.225,1.5718
0.46447,-19.246,1.5631
0.466,-19.266,1.5534
0.4677,-19.286,1.5423
0.46965,-19.305,1.5302
0.47193,-19.325,1.5172
0.47454,-19.344,1.5033
0.47753,-19.362,1.4887
0.48112,-19.38,1.4731
0.48536,-19.398,1.4565
0.49002,-19.416,1.4388
0.49488,-19.433,1.4199
0.50009,-19.45,1.3998
0.5058,-19.466,1.3783
0.51167,-19.482,1.3557
0.51731,-19.498,1.3322
0.52305,-19.513,1.3081
0.52948,-19.528,1.2835
0.53664,-19.543,1.2584
0.54412,-19.558,1.2329
0.55165,-19.571,1.207
0.55928,-19.584,1.1807
0.56702,-19.596,1.1544
0.57464,-19.607,1.1281
0.58217,-19.618,1.1019
0.58996,-19.628,1.0759
0.59819,-19.638,1.0501
0.607,-19.647,1.0242
0.6163,-19.656,0.99839
0.62572,-19.665,0.97273
0.63513,-19.673,0.94724
0.64458,-19.681,0.92208
0.65411,-19.688,0.89738
0.66368,-19.694,0.87337
0.67328,-19.7,0.85019
0.68293,-19.706,0.82783
0.69263,-19.711,0.80628
0.70232,-19.716,0.78561
0.71204,-19.721,0.76587
0.72187,-19.726,0.74709
0.73186,-19.732,0.72924
0.74194,-19.737,0.71221
0.75199,-19.742,0.69592
0.76189,-19.746,0.68032
0.77151,-19.75,0.66538
0.78089,-19.754,0.65098
0.79026,-19.758,0.63699
0.79978,-19.762,0.62329
0.8094,-19.765,0.60977
0.819,-19.769,0.59637
0.82858,-19.773,0.58299
0.8382,-19.776,0.56952
0.84791,-19.779,0.55578
0.85781,-19.783,0.54159
0.86797,-19.786,0.52684
0.87835,-19.788,0.51149
0.88897,-19.791,0.49544
0.89992,-19.793,0.47861
0.91103,-19.795,0.46099
0.92186,-19.797,0.44263
0.93232,-19.799,0.42358
0.94261,-19.8,0.40382
0.95275,-19.801,0.38344
0.96274,-19.801,0.36249
0.97264,-19.802,0.34105
0.98254,-19.801,0.31917
0.99245,-19.801,0.2969
1.0022,-19.801,0.27439
1.0118,-19.801,0.2517
1.0212,-19.8,0.22878
1.0302,-19.799,0.20561
1.0389,-19.798,0.18218
1.0475,-19.797,0.1584
1.056,-19.796,0.13415
1.0643,-19.794,0.10958
1.0721,-19.792,0.084801
1.0797,-19.79,0.059773
1.0868,-19.788,0.034383
1.0936,-19.786,0.0085573
1.1002,-19.783,-0.017534
1.1064,-19.78,-0.043712
1.1121,-19.776,-0.069968
1.1177,-19.773,-0.096555
1.1233,-19.769,-0.12359
1.1286,-19.764,-0.15071
1.1333,-19.76,-0.17775
1.1376,-19.756,-0.20489
1.1418,-19.752,-0.2322
1.1459,-19.748,-0.25957
1.1497,-19.744,-0.28703
1.1534,-19.739,-0.31467
1.1571,-19.734,-0.34246
1.1608,-19.729,-0.37032
1.1644,-19.724,-0.39818
1.1679,-19.718,-0.42595
1.1711,-19.712,-0.45351
1.174,-19.705,-0.48081
1.1768,-19.699,-0.50785
1.1797,-19.693,-0.53472
1.1827,-19.686,-0.56141
1.1855,-19.68,-0.58767
1.188,-19.674,-0.61339
1.1902,-19.668,-0.63866
1.1923,-19.661,-0.66345
1.1945,-19.655,-0.68778
1.1966,-19.649,-0.71177
1.1988,-19.643,-0.73552
1.2009,-19.637,-0.75903
1.2031,-19.63,-0.78239
1.2052,-19.624,-0.8057
1.2074,-19.617,-0.82888
1.2094,-19.609,-0.85189
1.211,-19.602,-0.8748
1.2124,-19.594,-0.8977
1.2136,-19.587,-0.92062
1.2147,-19.579,-0.94361
1.2158,-19.571,-0.96669
1.2169,-19.563,-0.98981
1.218,-19.555,-1.0129
1.219,-19.547,-1.0361
1.2199,-19.539,-1.0594
1.2208,-19.531,-1.0826
1.2214,-19.523,-1.1058
1.2216,-19.515,-1.129
1.2216,-19.506,-1.1521
1.2212,-19.498,-1.1752
1.2204,-19.489,-1.1982
1.2193,-19.481,-1.2211
1.2181,-19.472,-1.2441
1.2166,-19.463,-1.267
1.2148,-19.455,-1.2899
1.2128,-19.447,-1.3125
1.211,-19.438,-1.3349
1.2092,-19.43,-1.3569
1.2074,-19.421,-1.3782
1.2055,-19.413,-1.3989
1.2036,-19.403,-1.4188
1.2019,-19.394,-1.4378
1.2002,-19.384,-1.4559
1.1984,-19.374,-1.4729
1.1963,-19.364,-1.4891
1.1941,-19.353,-1.5044
1.1917,-19.342,-1.5188
1.1893,-19.331,-1.5324
1.187,-19.32,-1.5453
1.1847,-19.307,-1.5573
1.1827,-19.294,-1.5684
1.1809,-19.28,-1.5786
1.1792,-19.266,-1.5878
1.1778,-19.251,-1.5959
1.1764,-19.236,-1.603
1.1752,-19.22,-1.609
1.174,-19.203,-1.614
1.1728,-19.185,-1.6183
1.1715,-19.166,-1.6216
1.1702,-19.147,-1.6242
1.1689,-19.127,-1.6262
1.1677,-19.107,-1.6277
1.1667,-19.086,-1.6287
1.1658,-19.066,-1.6294
1.1648,-19.045,-1.6298
1.164,-19.023,-1.63
1.1633,-19.001,-1.63
1.1628,-18.978,-1.6299
1.1624,-18.955,-1.6298
1.1621,-18.933,-1.6296
1.1617,-18.91,-1.6294
1.1613,-18.887,-1.6291
1.1607,-18.863,-1.6288
1.1598,-18.84,-1.6284
1.1588,-18.816,-1.6279
1.1577,-18.792,-1.6275
1.1564,-18.768,-1.6271
1.155,-18.745,-1.6268
1.1538,-18.721,-1.6265
1.1526,-18.697,-1.6264
1.1516,-18.672,-1.6262
1.1505,-18.648,-1.6262
1.1493,-18.623,-1.6261
1.1481,-18.599,-1.6261
1.1469,-18.575,-1.6261
1.1459,-18.551,-1.6261
1.145,-18.527,-1.6262
1.1443,-18.503,-1.6264
1.1434,-18.478,-1.6266
1.1425,-18.454,-1.6267
1.1416,-18.429,-1.6267
1.1405,-18.404,-1.6267
1.1394,-18.379,-1.6266
1.138,-18.354,-1.6265
1.1366,-18.329,-1.6265
1.1354,-18.303,-1.6266
1.1342,-18.278,-1.6267
1.1331,-18.251,-1.6267
1.1322,-18.225,-1.6268
1.1313,-18.198,-1.6269
1.1306,-18.171,-1.627
1.13,-18.144,-1.6272
1.1295,-18.117,-1.6274
1.1289,-18.09,-1.6275
1.1281,-18.062,-1.6276
1.1272,-18.035,-1.6278
1.1262,-18.007,-1.6279
1.1251,-17.979,-1.6279
1.124,-17.95,-1.6279
1.1229,-17.922,-1.6279
1.1217,-17.893,-1.6278
1.1204,-17.864,-1.6277
1.1191,-17.836,-1.6276
1.1178,-17.807,-1.6275
1.1166,-17.778,-1.6274
1.1152,-17.749,-1.6274
1.1138,-17.72,-1.6273
1.1122,-17.691,-1.6272
1.1107,-17.662,-1.6271
1.1093,-17.633,-1.627
1.1079,-17.605,-1.6268
1.1065,-17.578,-1.6266
1.1052,-17.551,-1.6262
1.104,-17.523,-1.6256
1.1029,-17.496,-1.6248
1.102,-17.469,-1.6239
1.1014,-17.441,-1.6228
1.1007,-17.414,-1.6216
1.1001,-17.387,-1.6201
1.0996,-17.36,-1.6183
1.099,-17.335,-1.6164
1.0985,-17.31,-1.6142
1.0982,-17.286,-1.6117
1.098,-17.263,-1.6088
1.0981,-17.24,-1.6055
1.0984,-17.217,-1.6017
1.099,-17.194,-1.5973
1.0996,-17.173,-1.5923
1.1003,-17.151,-1.5864
1.1012,-17.13,-1.5799
1.1025,-17.109,-1.5726
1.1041,-17.087,-1.5647
1.1059,-17.066,-1.5561
1.1081,-17.045,-1.547
1.1105,-17.024,-1.5373
1.1131,-17.003,-1.527
1.1157,-16.982,-1.5162
1.1183,-16.961,-1.5052
1.1211,-16.94,-1.4943
1.1241,-16.92,-1.4836
1.127,-16.9,-1.4736
1.1299,-16.88,-1.4643
1.1332,-16.859,-1.4559
1.1367,-16.839,-1.4485
1.1403,-16.818,-1.4421
1.1441,-16.797,-1.4366
1.1481,-16.775,-1.4319
1.1523,-16.753,-1.4282
1.1569,-16.73,-1.4253
1.1617,-16.707,-1.423
1.1663,-16.684,-1.4213
1.1708,-16.66,-1.42
1.1751,-16.635,-1.419
1.1794,-16.61,-1.4185
1.1837,-16.585,-1.4183
1.1882,-16.559,-1.4183
1.1926,-16.533,-1.4186
1.1969,-16.507,-1.4189
1.2012,-16.48,-1.4193
1.2056,-16.454,-1.4197
1.2099,-16.426,-1.4202
1.2143,-16.399,-1.4206
1.2184,-16.371,-1.4211
1.2226,-16.343,-1.4215
1.2268,-16.315,-1.4219
1.2311,-16.287,-1.4223
1.2355,-16.259,-1.4227
1.24,-16.23,-1.4229
1.2445,-16.202,-1.4232
1.2489,-16.173,-1.4234
1.2535,-16.144,-1.4236
1.258,-16.115,-1.4238
1.2627,-16.086,-1.424
1.2674,-16.057,-1.4242
1.2724,-16.027,-1.4243
1.2774,-15.998,-1.4245
1.2825,-15.969,-1.4246
1.2875,-15.941,-1.4247
1.2924,-15.913,-1.4249
1.2972,-15.885,-1.425
1.3019,-15.857,-1.4251
1.3066,-15.83,-1.425
1.311,-15.803,-1.4248
1.3153,-15.776,-1.4245
1.3196,-15.749,-1.4243
1.3239,-15.723,-1.4242
1.3283,-15.696,-1.424
1.3328,-15.67,-1.4239
1.3374,-15.644,-1.4238
1.3421,-15.617,-1.4237
1.3465,-15.59,-1.4238
1.3507,-15.563,-1.4238
1.3549,-15.536,-1.4239
1.3589,-15.508,-1.424
1.363,-15.48,-1.4241
1.367,-15.452,-1.4243
1.3712,-15.425,-1.4245
1.3757,-15.397,-1.4247
1.3803,-15.37,-1.4249
1.3849,-15.342,-1.4251
1.3895,-15.314,-1.4253
1.3942,-15.286,-1.4255
1.3988,-15.259,-1.4257
1.4034,-15.232,-1.4258
1.408,-15.205,-1.4259
1.4124,-15.178,-1.4259
1.4168,-15.151,-1.4259
1.4213,-15.123,-1.4259
1.4258,-15.096,-1.4259
1.4304,-15.069,-1.4259
1.4348,-15.042,-1.426
1.4394,-15.015,-1.4261
1.4439,-14.987,-1.4261
1.4485,-14.959,-1.4261
1.453,-14.931,-1.426
1.4576,-14.903,-1.426
1.4622,-14.875,-1.426
1.4669,-14.847,-1.4259
1.4716,-14.82,-1.4259
1.4762,-14.792,-1.4259
1.4808,-14.765,-1.4259
1.4852,-14.737,-1.4259
1.4896,-14.71,-1.4259
1.494,-14.683,-1.4259
1.4983,-14.656,-1.4258
1.5026,-14.628,-1.4257
1.5069,-14.601,-1.4256
1.5113,-14.574,-1.4255
1.5158,-14.548,-1.4255
1.5203,-14.522,-1.4255
1.5248,-14.496,-1.4256
1.5294,-14.469,-1.4257
1.5341,-14.442,-1.4258
1.5387,-14.416,-1.4259
1.5433,-14.39,-1.426
1.5479,-14.364,-1.4261
1.5525,-14.337,-1.4261
1.5572,-14.311,-1.4261
1.5619,-14.285,-1.426
1.5665,-14.258,-1.4259
1.5711,-14.231,-1.4259
1.5756,-14.205,-1.4258
1.5799,-14.178,-1.4259
1.5843,-14.152,-1.4259
1.5886,-14.125,-1.426
1.5927,-14.099,-1.4261
1.5965,-14.072,-1.4262
1.6003,-14.046,-1.4263
1.6041,-14.02,-1.4264
1.608,-13.994,-1.4265
1.612,-13.968,-1.4266
1.6161,-13.941,-1.4266
1.6201,-13.915,-1.4267
1.6241,-13.888,-1.4267
1.6281,-13.863,-1.4267
1.6321,-13.837,-1.4268
1.6362,-13.812,-1.4268
1.6404,-13.786,-1.4269
1.6447,-13.76,-1.427
1.6491,-13.734,-1.4271
1.6537,-13.707,-1.4271
1.6583,-13.681,-1.4271
1.6629,-13.655,-1.4271
1.6674,-13.628,-1.427
1.6718,-13.601,-1.4268
1.6761,-13.574,-1.4267
1.6803,-13.547,-1.4266
1.6845,-13.52,-1.4264
1.6888,-13.494,-1.4264
1.693,-13.467,-1.4263
1.6971,-13.441,-1.4263
1.7011,-13.414,-1.4263
1.7052,-13.388,-1.4262
1.7094,-13.361,-1.4262
1.7136,-13.333,-1.4262
1.7178,-13.306,-1.4262
1.7219,-13.279,-1.4262
1.7261,-13.251,-1.4261
1.7303,-13.223,-1.4262
1.7344,-13.195,-1.4262
1.7386,-13.167,-1.4264
1.743,-13.139,-1.4266
1.7474,-13.112,-1.427
1.7517,-13.085,-1.4273
1.7559,-13.059,-1.4276
1.7601,-13.032,-1.4279
1.7644,-13.006,-1.4283
1.7687,-12.98,-1.4287
1.7731,-12.954,-1.429
1.7776,-12.927,-1.4295
1.7819,-12.901,-1.43
1.7862,-12.874,-1.4305
1.7906,-12.847,-1.431
1.795,-12.82,-1.4317
1.7993,-12.793,-1.4324
1.8036,-12.765,-1.4334
1.8077,-12.738,-1.4344
1.8116,-12.71,-1.4356
1.8155,-12.682,-1.4369
1.8194,-12.655,-1.4384
1.8232,-12.627,-1.4401
1.8268,-12.6,-1.4421
1.8302,-12.574,-1.4444
1.8335,-12.547,-1.447
1.8367,-12.521,-1.4498
1.8397,-12.495,-1.4529
1.8425,-12.469,-1.4562
1.8451,-12.443,-1.4599
1.8477,-12.417,-1.4638
1.8502,-12.391,-1.4679
1.8527,-12.365,-1.4721
1.8551,-12.339,-1.4764
1.8574,-12.312,-1.4806
1.8595,-12.286,-1.4846
1.8615,-12.259,-1.4885
1.8636,-12.233,-1.4923
1.8657,-12.206,-1.4958
1.8679,-12.18,-1.4993
1.8699,-12.154,-1.5025
1.8718,-12.127,-1.5055
1.8735,-12.101,-1.5082
1.8752,-12.075,-1.5106
1.8768,-12.049,-1.5127
1.8786,-12.023,-1.5145
1.8805,-11.998,-1.516
1.8824,-11.972,-1.5173
1.8841,-11.946,-1.5182
1.8857,-11.921,-1.5189
1.8872,-11.895,-1.5195
1.8886,-11.87,-1.5199
1.8899,-11.844,-1.52
1.8912,-11.818,-1.5201
1.8924,-11.792,-1.5201
1.8936,-11.766,-1.52
1.8949,-11.74,-1.52
1.8963,-11.714,-1.5199
1.898,-11.688,-1.52
1.8996,-11.662,-1.52
1.9011,-11.636,-1.5201
1.9027,-11.61,-1.5202
1.9044,-11.583,-1.5204
1.9059,-11.556,-1.5205
1.9075,-11.529,-1.5206
1.9091,-11.502,-1.5208
1.911,-11.474,-1.5209
1.9131,-11.445,-1.5211
1.9151,-11.416,-1.5213
1.9171,-11.388,-1.5215
1.919,-11.36,-1.5218
1.921,-11.332,-1.5221
1.9228,-11.304,-1.5222
1.9246,-11.276,-1.5223
1.9263,-11.247,-1.5224
1.928,-11.219,-1.5224
1.9298,-11.19,-1.5224
1.9316,-11.161,-1.5224
1.9333,-11.132,-1.5224
1.935,-11.103,-1.5224
1.9366,-11.074,-1.5223
1.9384,-11.045,-1.5222
1.9403,-11.016,-1.5222
1.9423,-10.987,-1.5221
1.9442,-10.957,-1.5221
1.9461,-10.928,-1.5222
1.948,-10.899,-1.5221
1.9498,-10.87,-1.5221
1.9515,-10.841,-1.522
1.9533,-10.812,-1.5218
1.9552,-10.782,-1.5217
1.9572,-10.753,-1.5216
1.9592,-10.724,-1.5216
1.9613,-10.695,-1.5215
1.9634,-10.666,-1.5215
1.9655,-10.637,-1.5215
1.9678,-10.608,-1.5216
1.9702,-10.578,-1.5217
1.9728,-10.548,-1.5218
1.9754,-10.518,-1.5219
1.9778,-10.488,-1.5219
1.9801,-10.458,-1.5219
1.9822,-10.428,-1.5219
1.9841,-10.399,-1.5218
1.9859,-10.37,-1.5217
1.9877,-10.341,-1.5215
1.9896,-10.311,-1.5213
1.9915,-10.282,-1.5211
1.9932,-10.253,-1.5208
1.9948,-10.223,-1.5206
1.9964,-10.194,-1.5204
1.9979,-10.165,-1.5204
1.9995,-10.137,-1.5204
2.0012,-10.108,-1.5205
2.0032,-10.079,-1.5207
2.0054,-10.049,-1.5209
2.0077,-10.019,-1.5211
2.01,-9.9888,-1.5213
2.0122,-9.9584,-1.5215
2.0142,-9.928,-1.5217
2.0161,-9.898,-1.5217
2.018,-9.8683,-1.5216
2.0201,-9.8386,-1.5215
2.0224,-9.809,-1.5213
2.0248,-9.7795,-1.5212
2.0272,-9.7502,-1.521
2.0298,-9.7209,-1.521
2.0322,-9.6919,-1.521
2.0345,-9.6631,-1.5209
2.0368,-9.6345,-1.5209
2.039,-9.606,-1.5208
2.041,-9.5771,-1.5207
2.0429,-9.5481,-1.5205
2.0447,-9.5191,-1.5204
2.0465,-9.4899,-1.5203
2.0483,-9.4605,-1.5202
2.0501,-9.431,-1.5202
2.0519,-9.4014,-1.5202
2.0536,-9.3719,-1.5203
2.0553,-9.3425,-1.5205
2.0571,-9.3131,-1.5207
2.059,-9.2836,-1.5208
2.0608,-9.2538,-1.5209
2.0625,-9.224,-1.521
2.0642,-9.194,-1.5212
2.0659,-9.164,-1.5214
2.0676,-9.1341,-1.5215
2.0693,-9.1046,-1.5217
2.0709,-9.0755,-1.5218
2.0724,-9.0467,-1.5218
2.0738,-9.018,-1.5219
2.0751,-8.9895,-1.5219
2.0765,-8.9611,-1.5218
2.078,-8.9325,-1.5218
2.0797,-8.904,-1.5218
2.0814,-8.8753,-1.5218
2.083,-8.8462,-1.5218
2.0845,-8.8167,-1.5218
2.086,-8.7869,-1.5218
2.0874,-8.7575,-1.5217
2.0888,-8.7285,-1.5217
2.0903,-8.6999,-1.5216
2.092,-8.6714,-1.5217
2.0939,-8.6427,-1.5218
2.0959,-8.614,-1.522
2.098,-8.5854,-1.5222
2.1,-8.5566,-1.5224
2.1019,-8.5276,-1.5226
2.1038,-8.4986,-1.5227
2.1058,-8.4695,-1.5229
2.108,-8.4403,-1.5231
2.1104,-8.4112,-1.5233
2.1128,-8.382,-1.5236
2.1153,-8.3528,-1.5239
2.1177,-8.3235,-1.5241
2.1201,-8.2941,-1.5242
2.1226,-8.2644,-1.5243
2.1252,-8.2347,-1.5244
2.1277,-8.2051,-1.5244
2.1303,-8.1757,-1.5243
2.1329,-8.1464,-1.5242
2.1353,-8.1171,-1.5241
2.1377,-8.0876,-1.5239
2.14,-8.0583,-1.5238
2.1422,-8.0289,-1.5235
2.1443,-7.9993,-1.5232
2.1462,-7.9694,-1.5228
2.1481,-7.9397,-1.5224
2.15,-7.9103,-1.5221
2.1519,-7.8812,-1.5218
2.1536,-7.8523,-1.5215
2.1553,-7.8233,-1.5214
2.157,-7.7942,-1.5212
2.1587,-7.7651,-1.5211
2.1605,-7.7362,-1.5211
2.1624,-7.7073,-1.5212
2.1644,-7.6785,-1.5213
2.1666,-7.6498,-1.5214
2.1686,-7.621,-1.5215
2.1706,-7.592,-1.5216
2.1724,-7.5631,-1.5216
2.174,-7.5341,-1.5215
2.1757,-7.5053,-1.5214
2.1774,-7.4765,-1.5213
2.1792,-7.4477,-1.5212
2.181,-7.419,-1.5211
2.1828,-7.3904,-1.5209
2.1846,-7.3618,-1.5209
2.1865,-7.333,-1.5208
2.1886,-7.3039,-1.5208
2.1908,-7.2746,-1.5207
2.1931,-7.2451,-1.5206
2.1954,-7.2153,-1.5205
2.1976,-7.1856,-1.5205
2.2,-7.1557,-1.5204
2.2025,-7.1255,-1.5204
2.2051,-7.0954,-1.5204
2.2077,-7.0652,-1.5204
2.2103,-7.0351,-1.5202
2.213,-7.0051,-1.52
2.2158,-6.9753,-1.5198
2.2185,-6.9454,-1.5195
2.2212,-6.9156,-1.519
2.2239,-6.8861,-1.5183
2.2267,-6.8568,-1.5174
2.2295,-6.8278,-1.5164
2.2321,-6.7992,-1.5151
2.2347,-6.7709,-1.5137
2.2372,-6.7428,-1.5123
2.2398,-6.7151,-1.5108
2.2424,-6.6879,-1.5093
2.2448,-6.6609,-1.5076
2.247,-6.6343,-1.5058
2.249,-6.6079,-1.5037
2.251,-6.5818,-1.5015
2.2532,-6.5557,-1.499
2.2553,-6.5298,-1.4963
2.2576,-6.5041,-1.4932
2.2599,-6.4785,-1.4899
2.2623,-6.4532,-1.4863
2.2649,-6.4279,-1.4824
2.2677,-6.4027,-1.4784
2.2706,-6.3776,-1.4743
2.2737,-6.3525,-1.4702
2.2772,-6.3275,-1.4662
2.281,-6.3024,-1.4623
2.2849,-6.2774,-1.4587
2.2888,-6.2524,-1.4553
2.2928,-6.227,-1.4521
2.2967,-6.2016,-1.4492
2.3006,-6.1762,-1.4466
2.3046,-6.1507,-1.4444
2.3088,-6.1252,-1.4425
2.3131,-6.0998,-1.4409
2.3174,-6.0741,-1.4396
2.3218,-6.0481,-1.4385
2.3264,-6.0219,-1.4376
2.3309,-5.9955,-1.437
2.3355,-5.9689,-1.4365
2.3404,-5.942,-1.4361
2.3454,-5.915,-1.4356
2.3503,-5.8876,-1.4352
2.3551,-5.8603,-1.4349
2.3599,-5.833,-1.4346
2.3648,-5.8054,-1.4345
2.3696,-5.7776,-1.4344
2.3742,-5.7497,-1.4343
2.3787,-5.7215,-1.4342
2.3832,-5.693,-1.4341
2.3878,-5.6641,-1.4339
2.3923,-5.6351,-1.4337
2.3968,-5.606,-1.4334
2.4012,-5.5767,-1.4333
2.4055,-5.5475,-1.4332
2.4098,-5.5183,-1.4331
2.4143,-5.4893,-1.4331
2.419,-5.4603,-1.4331
2.4239,-5.4313,-1.4331
2.4289,-5.4024,-1.4332
2.4339,-5.3733,-1.4332
2.4387,-5.3438,-1.4332
2.4433,-5.3142,-1.433
2.4479,-5.2844,-1.4328
2.4525,-5.2546,-1.4326
2.4574,-5.2245,-1.4322
2.4624,-5.1943,-1.4317
2.4673,-5.1643,-1.431
2.4723,-5.1344,-1.4301
2.4773,-5.1046,-1.4289
2.4823,-5.0748,-1.4276
2.4871,-5.0452,-1.426
2.4917,-5.016,-1.4242
2.4959,-4.9872,-1.4221
2.5001,-4.959,-1.42
2.5041,-4.9313,-1.4177
2.5081,-4.904,-1.4153
2.5123,-4.8769,-1.4128
2.5165,-4.8499,-1.4103
2.5209,-4.8233,-1.4076
2.5253,-4.7971,-1.4049
2.5298,-4.7712,-1.402
2.5344,-4.7452,-1.3989
2.5391,-4.7195,-1.3958
2.5439,-4.6939,-1.3926
2.549,-4.6686,-1.3895
2.5542,-4.6435,-1.3865
2.5595,-4.6184,-1.3837
2.5651,-4.5934,-1.3813
2.5709,-4.5684,-1.3791
2.5768,-4.5437,-1.3773
2.5825,-4.5193,-1.3757
2.5879,-4.4949,-1.3743
2.5933,-4.4706,-1.3732
2.5984,-4.4464,-1.3724
2.6034,-4.4222,-1.3717
2.6083,-4.3981,-1.3713
2.6134,-4.374,-1.371
2.6186,-4.3495,-1.371
2.624,-4.325,-1.3711
2.6295,-4.3009,-1.3713
2.6352,-4.2769,-1.3715
2.6407,-4.2531,-1.3717
2.6461,-4.2293,-1.3721
2.6513,-4.2055,-1.3727
2.6562,-4.1815,-1.3735
2.6607,-4.1579,-1.3747
2.6648,-4.1349,-1.3759
2.6684,-4.1129,-1.3773
2.6718,-4.0918,-1.379
2.6752,-4.071,-1.3811
2.6788,-4.05,-1.3839
2.6828,-4.0292,-1.3872
2.6868,-4.0084,-1.391
2.6904,-3.9878,-1.3954
2.6937,-3.9672,-1.4003
2.6968,-3.9466,-1.4056
2.6997,-3.9261,-1.4114
2.7023,-3.9056,-1.4178
2.7047,-3.8848,-1.4247
2.7069,-3.8639,-1.4324
2.7086,-3.8429,-1.4407
2.7099,-3.8218,-1.4496
2.7109,-3.8009,-1.4592
2.7117,-3.7803,-1.4694
2.7123,-3.7602,-1.4804
2.7127,-3.7404,-1.492
2.713,-3.7207,-1.5042
2.7129,-3.7016,-1.5169
2.7125,-3.6831,-1.5302
2.7115,-3.6649,-1.5441
2.71,-3.6466,-1.5584
2.7079,-3.6286,-1.5732
2.7055,-3.6105,-1.5883
2.7027,-3.5922,-1.6037
2.6997,-3.5737,-1.6194
2.6966,-3.5552,-1.6352
2.6933,-3.5367,-1.6512
2.6897,-3.5183,-1.6671
2.6858,-3.4998,-1.6829
2.6815,-3.4813,-1.6986
2.6768,-3.4626,-1.7141
2.6718,-3.4436,-1.7294
2.6668,-3.4245,-1.7446
2.6616,-3.4053,-1.7597
2.6561,-3.386,-1.7746
2.6504,-3.3665,-1.7894
2.6443,-3.3469,-1.804
2.6378,-3.3273,-1.8183
2.631,-3.3078,-1.8323
2.6238,-3.2882,-1.8461
2.6163,-3.2687,-1.8597
2.6082,-3.2493,-1.8732
2.5999,-3.2298,-1.8866
2.5916,-3.2103,-1.8999
2.5833,-3.1907,-1.9131
2.5752,-3.171,-1.9262
2.5669,-3.1515,-1.9392
2.5583,-3.132,-1.952
2.5493,-3.1127,-1.9647
2.5398,-3.0934,-1.9771
2.5297,-3.0741,-1.9892
2.5192,-3.0546,-2.001
2.5085,-3.0349,-2.0123
2.4976,-3.0153,-2.0232
2.4867,-2.9958,-2.0337
2.4759,-2.9763,-2.0437
2.465,-2.9569,-2.0532
2.4542,-2.9376,-2.0624
2.4433,-2.9182,-2.0711
2.4322,-2.8987,-2.0797
2.4207,-2.8792,-2.088
2.409,-2.8598,-2.0961
2.3972,-2.8403,-2.104
2.385,-2.8206,-2.1119
2.3726,-2.8009,-2.1196
2.36,-2.7811,-2.1273
2.3473,-2.7614,-2.1348
2.3344,-2.7417,-2.1423
2.3213,-2.7218,-2.1497
2.3078,-2.7018,-2.157
2.2939,-2.6819,-2.1642
2.2798,-2.6621,-2.1713
2.2655,-2.6423,-2.1783
2.2509,-2.6223,-2.1852
2.2363,-2.6025,-2.1919
2.2217,-2.5829,-2.1984
2.2068,-2.5635,-2.2049
2.1917,-2.5441,-2.2113
2.1766,-2.5249,-2.2178
2.1613,-2.5057,-2.2244
2.1457,-2.4864,-2.2311
2.1299,-2.4672,-2.2378
2.114,-2.4483,-2.2444
2.0977,-2.4295,-2.2511
2.081,-2.4107,-2.2577
2.0642,-2.392,-2.2643
2.0474,-2.3739,-2.271
2.0307,-2.3563,-2.2775
2.0142,-2.339,-2.284
1.9976,-2.322,-2.2903
1.9806,-2.305,-2.2965
1.9634,-2.2882,-2.3027
1.9462,-2.2713,-2.3089
1.9291,-2.2544,-2.315
1.912,-2.2374,-2.321
1.895,-2.2203,-2.3269
1.8778,-2.203,-2.3325
1.8605,-2.1856,-2.338
1.8432,-2.1679,-2.3432
1.8259,-2.1502,-2.3481
1.8085,-2.1322,-2.3526
1.7912,-2.1139,-2.3568
1.7739,-2.0954,-2.3608
1.7563,-2.0769,-2.3645
1.7386,-2.0583,-2.3677
1.7206,-2.0397,-2.3706
1.702,-2.021,-2.3733
1.6829,-2.0022,-2.3759
1.6637,-1.9835,-2.3782
1.6444,-1.965,-2.3806
1.6248,-1.9465,-2.3828
1.6047,-1.9283,-2.385
1.5846,-1.9101,-2.3872
1.5645,-1.8921,-2.3892
1.5447,-1.8742,-2.3912
1.5252,-1.8564,-2.3932
1.5057,-1.8386,-2.3951
1.4865,-1.8206,-2.397
1.4674,-1.803,-2.3987
1.4482,-1.7857,-2.4002
1.4288,-1.7684,-2.4015
1.4092,-1.7511,-2.4026
1.3898,-1.734,-2.4036
1.3706,-1.717,-2.4044
1.3516,-1.6998,-2.4052
1.3328,-1.6827,-2.4059
1.3142,-1.6656,-2.4064
1.2958,-1.6484,-2.4068
1.2775,-1.6312,-2.407
1.2594,-1.614,-2.4072
1.2413,-1.5968,-2.4073
1.2232,-1.5798,-2.4073
1.2049,-1.5627,-2.4073
1.1866,-1.5457,-2.4073
1.1686,-1.5289,-2.4074
1.1509,-1.5123,-2.4074
1.1334,-1.4958,-2.4074
1.1161,-1.4794,-2.4074
1.099,-1.4631,-2.4075
1.082,-1.4469,-2.4075
1.0651,-1.4309,-2.4074
1.0485,-1.415,-2.4074
1.0319,-1.3992,-2.4073
1.0153,-1.3836,-2.4073
0.99882,-1.368,-2.4073
0.98261,-1.3524,-2.4073
0.96637,-1.3367,-2.4073
0.94987,-1.3209,-2.4073
0.93323,-1.3053,-2.4074
0.91656,-1.2897,-2.4074
0.89957,-1.2742,-2.4074
0.88211,-1.2585,-2.4074
0.86447,-1.2427,-2.4075
0.84685,-1.2269,-2.4076
0.82924,-1.2111,-2.4077
0.81162,-1.1954,-2.4078
0.79398,-1.1796,-2.4079
0.77631,-1.1638,-2.4081
0.75858,-1.1477,-2.4084
0.7408,-1.1314,-2.4086
0.72302,-1.1149,-2.4086
0.70519,-1.0985,-2.4084
0.68713,-1.0819,-2.408
0.66894,-1.0652,-2.4073
0.65079,-1.0485,-2.4062
0.63287,-1.0319,-2.4044
0.61536,-1.0152,-2.4019
0.59819,-0.99864,-2.3985
0.58129,-0.98238,-2.3941
0.56445,-0.96683,-2.3887
0.54727,-0.952,-2.3822
0.53025,-0.93768,-2.3748
0.5145,-0.92347,-2.3664
0.50009,-0.90909,-2.3572
0.4863,-0.89471,-2.3471
0.47256,-0.88074,-2.3362
0.4588,-0.86718,-2.3248
0.4457,-0.85386,-2.3129
0.43382,-0.8409,-2.3006
0.42313,-0.82829,-2.2881
0.41297,-0.81586,-2.2753
0.40244,-0.80366,-2.2621
0.39153,-0.79155,-2.2487
0.38083,-0.77896,-2.2351
0.37044,-0.76569,-2.2217
0.36027,-0.75203,-2.2084
0.35024,-0.73786,-2.1953
0.34034,-0.72308,-2.1823
0.33072,-0.70789,-2.1695
0.32126,-0.69206,-2.1569
0.31206,-0.67553,-2.1446
0.30359,-0.65851,-2.1328
0.29598,-0.64125,-2.1215
0.28871,-0.62367,-2.1106
0.28141,-0.6056,-2.1
0.27411,-0.5872,-2.0897
0.26692,-0.56867,-2.0798
0.25988,-0.55012,-2.07
0.25305,-0.53173,-2.0604
0.24654,-0.51364,-2.0508
0.24041,-0.49558,-2.0414
0.23458,-0.47738,-2.0322
0.22892,-0.45901,-2.0231
0.22329,-0.44036,-2.0143
0.21748,-0.42154,-2.0056
0.2115,-0.4028,-1.9972
0.20552,-0.38419,-1.9889
0.19959,-0.36554,-1.9809
0.19369,-0.34678,-1.9729
0.18785,-0.32796,-1.9651
0.18214,-0.30908,-1.9573
0.17656,-0.29011,-1.9496
0.17105,-0.27101,-1.9419
0.16576,-0.25185,-1.9344
0.16075,-0.23271,-1.9269
0.15583,-0.21352,-1.9193
0.15082,-0.1942,-1.9118
0.14571,-0.1747,-1.9041
0.14061,-0.15511,-1.8965
0.13555,-0.1354,-1.889
0.13044,-0.11555,-1.8817
0.12523,-0.095815,-1.8746
0.11999,-0.076442,-1.8676
0.11475,-0.057424,-1.8608
0.10936,-0.038462,-1.8544
0.10372,-0.019388,-1.8483
0.09801,-0.00025663,-1.8426
0.092459,0.019115,-1.8374
0.087183,0.038872,-1.8328
0.082224,0.058841,-1.8288
0.07744,0.07885,-1.8252
0.072775,0.098974,-1.8223
0.068329,0.11938,-1.8201
0.064026,0.14019,-1.8185
0.059637,0.1616,-1.8172
0.05508,0.18373,-1.8163
0.050408,0.20642,-1.8157
0.045575,0.22946,-1.8154
0.040613,0.25278,-1.8151
0.035619,0.27626,-1.8149
0.030576,0.29992,-1.8148
0.025467,0.32384,-1.8145
0.020276,0.34798,-1.8142
0.014996,0.37216,-1.8137
0.0097704,0.39624,-1.8131
0.0047646,0.42033,-1.8126
3.3248e-06,0.44448,-1.8121
-0.004612,0.46854,-1.8116
-0.0091973,0.49247,-1.811
-0.013748,0.51629,-1.8102
-0.018303,0.54001,-1.8093
-0.022865,0.56371,-1.8081
-0.027411,0.58744,-1.8066
-0.03196,0.61111,-1.8048
-0.036424,0.63456,-1.8025
-0.040812,0.65778,-1.7996
-0.045096,0.68067,-1.796
-0.049223,0.70307,-1.7917
-0.053343,0.72508,-1.7868
-0.057476,0.74679,-1.7814
-0.061519,0.76822,-1.7755
-0.065482,0.78949,-1.7692
-0.069312,0.81064,-1.7625
-0.072955,0.83166,-1.7555
-0.076409,0.85233,-1.7484
-0.07959,0.87258,-1.7412
-0.082378,0.89274,-1.7341
-0.084763,0.91304,-1.7271
-0.086807,0.93345,-1.7203
-0.088574,0.95392,-1.7137
-0.09011,0.97436,-1.7073
-0.091435,0.99472,-1.701
-0.092599,1.015,-1.695
-0.093702,1.0352,-1.6892
-0.094754,1.0555,-1.6837
-0.095652,1.076,-1.6784
-0.096408,1.0965,-1.6732
-0.097151,1.1168,-1.6682
-0.097979,1.1371,-1.6634
-0.098902,1.1575,-1.6589
-0.099802,1.1781,-1.6547
-0.10054,1.1986,-1.6509
-0.10113,1.219,-1.6474
-0.10175,1.2395,-1.6444
-0.10251,1.2602,-1.6417
-0.10329,1.281,-1.6394
-0.104,1.3015,-1.6375
-0.10468,1.3222,-1.636
-0.10532,1.343,-1.6348
